 [ 0 0 0 0 0 0 0 0 0 0 0 0 0 ] 
	 [ 0 0 0 0 0 0 0 0 0 0 0 0 0 ] 
	 [ 0 0 0 0 0 0 0 0 0 0 0 20 43 ] 
	 [ 0 0 0 0 0 0 0 0 0 0 0 0 0 ] 
	 [ 0 0 0 0 0 0 0 0 0 0 0 0 0 ] 
	 [ 0 0 0 0 0 0 0 0 0 0 0 0 0 ] 
	 [ 0 0 0 0 0 0 0 0 0 0 0 0 0 ] 
	 [ 0 0 0 0 0 0 0 0 0 0 0 0 0 ] 
	 [ 0 0 0 0 0 0 0 0 0 0 0 0 0 ] 
	 [ 0 0 0 0 0 0 0 0 0 0 0 20 43 ] 
	 [ 0 0 0 0 0 0 0 0 0 0 0 0 0 ] 
	 [ 0 0 0 0 0 0 0 0 0 0 0 0 0 ] 
	 [ 0 0 0 0 0 0 0 0 0 0 0 0 0 ] 
	 [ ] 
	 [ 0 0 0 0 0 0 0 0 0 0 0 20 43 ] 
	 [ 7 34 12 FE 0 0 0 0 0 0 0 0 4B ] 
	 [ 0 0 0 0 0 0 0 0 0 0 0 0 0 ] 
	 [ 7 34 12 FE 0 0 0 0 0 0 0 0 4B ] 
	 [ 0 0 0 0 0 0 0 0 0 0 0 0 0 ] 
	 [ 7 34 12 FE 0 0 0 0 0 0 0 0 4B ] 
	 [ 0 0 0 0 0 0 0 0 0 0 0 0 0 ] 
	 [ 7 0 0 0 0 0 0 0 0 0 0 0 7 ] 
	 [ 0 0 0 0 0 0 0 0 0 0 0 0 0 ] 
	 [ 7 0 0 0 0 0 0 0 0 0 0 0 7 ] 
	 [ 0 0 0 0 0 0 0 0 0 0 0 0 0 ] 
	 [ 7 0 0 0 0 0 0 0 0 0 0 0 7 ] 
	 [ 0 0 0 0 0 0 0 0 0 0 0 0 0 ] 
	 [ 7 34 12 FE 0 0 0 0 0 0 0 0 4B ] 
	 [ 0 0 0 0 0 0 0 0 0 0 0 0 0 ] 
	 [ 7 34 12 FE 0 0 0 0 0 0 0 0 4B ] 
	 [ 0 0 0 0 0 0 0 0 0 0 0 0 0 ] 
	 [ 7 34 12 FE 0 0 0 0 0 0 0 0 4B ] 
	 [ 0 0 0 0 0 0 0 0 0 0 0 0 0 ] 
	 [ 7 0 0 0 0 0 0 0 0 0 0 0 7 ] 
	 [ 0 0 0 0 0 0 0 0 0 0 0 0 0 ] 
	 [ 7 0 0 0 0 0 0 0 0 0 0 0 7 ] 
	 [ 0 0 0 0 0 0 0 0 0 0 0 0 0 ] 
	 [ 7 0 0 0 0 0 0 0 0 0 0 0 7 ] 
	 [ 0 0 0 0 0 0 0 0 0 0 0 0 0 ] 
	 [ 7 34 12 FE 0 0 0 0 0 0 0 0 4B ] 
	 [ 0 0 0 0 0 0 0 0 0 0 0 0 0 ] 
	 [ 7 34 12 FE 0 0 0 0 0 0 0 0 4B ] 
	 [ 0 0 0 0 0 0 0 0 0 0 0 0 0 ] 
	 [ 7 34 12 FE 0 0 0 0 0 0 0 0 4B ] 
	 [ 0 0 0 0 0 0 0 0 0 0 0 0 0 ] 
	 [ 7 0 0 0 0 0 0 0 0 0 0 0 7 ] 
	 [ 0 0 0 0 0 0 0 0 0 0 0 0 0 ] 
	 [ 7 0 0 0 0 0 0 0 0 0 0 0 7 ] 
	 [ 0 0 0 0 0 0 0 0 0 0 0 0 0 ] 
	 [ 7 0 0 0 0 0 0 0 0 0 0 0 7 ] 
	 [ 0 0 0 0 0 0 0 0 0 0 0 0 0 ] 
	 [ 7 34 12 FE 0 0 0 0 0 0 0 0 4B ] 
	 [ 0 0 0 0 0 0 0 0 0 0 0 0 0 ] 
	 [ 7 34 12 FE 0 0 0 0 0 0 0 0 4B ] 
	 [ 0 0 0 0 0 0 0 0 0 0 0 0 0 ] 
	 [ 7 34 12 FE 0 0 0 0 0 0 0 0 4B ] 
	 [ 0 0 0 0 0 0 0 0 0 0 0 0 0 ] 
	 [ 7 0 0 0 0 0 0 0 0 0 0 0 7 ] 
	 [ 0 0 0 0 0 0 0 0 0 0 0 0 0 ] 
	 [ 7 0 0 0 0 0 0 0 0 0 0 0 7 ] 
	 [ 7 0 0 0 0 0 0 0 0 0 0 0 7 ] 
	 [ 0 0 0 0 0 0 0 0 0 0 0 0 0 ] 
	 [ 0 0 0 0 0 0 0 0 0 0 0 0 0 ] 
	 [ 7 34 12 FE 0 0 0 0 0 0 0 0 4B ] 
	 [ 7 34 12 FE 0 0 0 0 0 0 0 0 4B ] 
	 [ 0 0 0 0 0 0 0 0 0 0 0 0 0 ] 
	 [ 0 0 0 0 0 0 0 0 0 0 0 0 0 ] 
	 [ 7 0 0 0 0 0 0 0 0 0 0 0 7 ] 
	 [ ] 
	 [ 7 0 0 0 0 0 0 0 0 7F 0 20 43 ] 
	 [ 7 0 0 0 0 0 0 0 0 0 0 0 7 ] 
	 [ 7 34 12 FE 0 0 0 0 0 0 0 0 4B ] 
	 [ 0 0 0 0 0 0 0 0 0 0 0 0 0 ] 
	 [ 0 0 0 0 0 0 0 0 0 0 0 0 0 ] 
	 [ 7 34 12 FE 0 0 0 0 0 0 0 0 4B ] 
	 [ 7 0 0 0 0 0 0 0 0 0 0 0 7 ] 
	 [ 0 0 0 0 0 0 0 0 0 0 0 0 0 ] 
	 [ 0 0 0 0 0 0 0 0 0 0 0 0 0 ] 
	 [ 7 0 0 0 0 0 0 0 0 0 0 0 7 ] 
	 [ 7 34 12 FE 0 0 0 0 0 0 0 0 4B ] 
	 [ 0 0 0 0 0 0 0 0 0 0 0 0 0 ] 
	 [ ] 
	 [ 0 0 0 0 0 0 0 0 C5 7F 0 20 43 ] 
	 [ ] 
	 [ 7 0 0 0 0 0 0 0 0 0 0 0 7 ] 
	 [ 0 0 0 0 0 0 0 0 0 0 0 0 0 ] 
	 [ 7 0 0 0 0 0 0 0 0 0 0 0 0 ] 
	 [ 7 0 0 0 0 0 0 0 0 0 0 0 7 ] 
	 [ ] 
	 [ 7 34 12 FE 0 0 0 0 0 0 0 0 0 ] 
	 [ 7 34 12 FE 0 0 0 0 0 0 0 0 4B ] 
	 [ 7 34 12 FE 0 0 0 0 0 0 0 0 4B ] 
	 [ 0 0 0 0 0 0 0 0 0 0 0 0 0 ] 
	 [ 0 0 0 0 0 0 0 0 0 0 0 0 0 ] 
	 [ 7 0 0 0 0 0 0 0 0 0 0 0 7 ] 
	 [ 7 0 0 0 0 0 0 0 0 0 0 0 7 ] 
	 [ 0 0 0 0 0 0 0 0 0 0 0 0 0 ] 
	 [ 7 34 12 FE 0 0 0 0 C5 7F 0 20 43 ] 
	 [ 7 34 12 FE 0 0 0 0 0 0 0 0 4B ] 
	 [ 0 0 0 0 0 0 0 0 0 0 0 20 43 ] 
	 [ 0 0 0 0 0 0 0 0 0 0 0 0 0 ] 
	 [ 7 0 0 0 0 0 0 0 0 0 0 0 0 ] 
	 [ 7 0 0 0 0 0 0 0 0 0 0 0 7 ] 
	 [ 0 0 0 0 0 0 0 0 0 0 0 0 0 ] 
	 [ 7 0 0 0 0 0 0 0 0 0 0 0 7 ] 
	 [ 0 0 0 0 0 0 0 0 0 0 0 0 0 ] 
	 [ 0 0 0 0 0 0 0 0 0 0 0 0 0 ] 
	 [ 7 34 12 FE 0 0 0 0 0 0 0 0 4B ] 
	 [ 7 34 12 FE 0 0 0 0 0 0 0 0 4B ] 
	 [ 0 0 0 0 0 0 0 0 0 0 0 0 0 ] 
	 [ 0 0 0 0 0 0 0 0 0 0 0 0 0 ] 
	 [ 7 0 0 0 0 0 0 0 0 0 0 0 7 ] 
	 [ 0 0 0 0 0 0 0 0 0 0 0 0 0 ] 
	 [ 7 0 0 0 0 0 0 0 0 7F 0 20 43 ] 
	 [ 7 34 12 FE 0 0 0 0 0 0 0 0 4B ] 
	 [ 0 0 0 0 0 0 0 0 0 0 0 20 43 ] 
	 [ 0 0 0 0 0 0 0 0 0 0 0 0 0 ] 
	 [ 7 34 12 FE 0 0 0 0 0 0 0 0 0 ] 
	 [ 7 0 0 0 0 0 0 0 0 0 0 0 7 ] 
	 [ 7 0 0 0 0 0 0 0 0 0 0 0 7 ] 
	 [ 0 0 0 0 0 0 0 0 0 0 0 0 0 ] 
	 [ 0 0 0 0 0 0 0 0 0 0 0 0 0 ] 
	 [ 7 34 12 FE 0 0 0 0 0 0 0 0 4B ] 
	 [ ] 
	 [ 7 34 12 FE 0 0 0 0 0 0 0 0 0 ] 
	 [ 7 34 12 FE 0 0 0 0 0 0 0 0 4B ] 
	 [ 7 0 0 0 0 0 0 0 0 0 0 0 7 ] 
	 [ 0 0 0 0 0 0 0 0 0 0 0 0 0 ] 
	 [ 7 0 0 0 0 0 0 0 0 7F 0 20 43 ] 
	 [ 7 0 0 0 0 0 0 0 0 0 0 0 7 ] 
	 [ 0 0 0 0 0 0 0 0 0 0 0 20 43 ] 
	 [ 0 0 0 0 0 0 0 0 0 0 0 0 0 ] 
	 [ 7 34 12 FE 0 0 0 0 0 0 0 0 43 ] 
	 [ 7 34 12 FE 0 0 0 0 0 0 0 0 4B ] 
	 [ 7 0 0 0 0 0 0 0 0 0 0 0 7 ] 
	 [ 0 0 0 0 0 0 0 0 0 0 0 0 0 ] 
	 [ ] 
	 [ 0 0 0 0 0 0 0 0 0 0 0 0 0 ] 
	 [ 7 0 0 0 0 0 0 0 0 0 0 0 7 ] 
	 [ 0 0 0 0 0 0 0 0 0 0 0 0 0 ] 
	 [ 7 34 12 FE 0 0 0 0 0 0 0 0 0 ] 
	 [ 0 0 0 0 0 0 0 0 C5 7F 0 20 43 ] 
	 [ 0 0 0 0 0 0 0 0 0 0 0 0 0 ] 
	 [ 7 0 0 0 0 0 0 0 0 7F 0 20 43 ] 
	 [ 7 0 0 0 0 0 0 0 0 0 0 0 7 ] 
	 [ 0 0 0 0 0 0 0 0 0 0 0 20 43 ] 
	 [ 0 0 0 0 0 0 0 0 0 0 0 0 0 ] 
	 [ 7 34 12 FE 0 0 0 0 0 0 0 0 43 ] 
	 [ 7 34 12 FE 0 0 0 0 0 0 0 0 4B ] 
	 [ 0 0 0 0 E 0 0 0 C5 7F 0 20 43 ] 
	 [ 0 0 0 0 0 0 0 0 0 0 0 0 0 ] 
	 [ 0 0 0 0 0 0 0 0 0 0 0 0 0 ] 
	 [ 7 0 0 0 0 0 0 0 0 0 0 0 7 ] 
	 [ 0 0 0 0 0 0 0 0 0 0 0 0 0 ] 
	 [ 7 0 0 0 0 0 0 0 0 0 0 0 7 ] 
	 [ 0 0 0 0 0 0 0 0 0 0 0 0 0 ] 
	 [ 7 34 12 FE 0 0 0 0 0 0 0 0 4B ] 
	 [ 0 0 0 0 0 0 0 0 0 0 0 0 0 ] 
	 [ 7 34 12 FE 0 0 0 0 0 0 0 0 4B ] 
	 [ 0 0 0 0 0 0 0 0 C5 7F 0 20 43 ] 
	 [ 0 0 0 0 0 0 0 0 0 0 0 0 0 ] 
	 [ 7 0 0 0 0 0 0 0 0 0 0 0 7 ] 
	 [ 0 0 0 0 0 0 0 0 0 0 0 0 0 ] 
	 [ 7 0 0 0 0 0 0 0 0 0 0 0 7 ] 
	 [ 0 0 0 0 0 0 0 0 0 7F 0 20 43 ] 
	 [ 0 0 0 0 0 0 0 0 0 0 0 0 0 ] 
	 [ 7 34 12 FE 0 0 0 0 0 0 0 0 4B ] 
	 [ 7 34 12 FE 0 0 0 0 0 0 0 0 4B ] 
	 [ 0 0 0 0 0 0 0 0 0 0 0 0 0 ] 
	 [ 0 0 0 0 0 0 0 0 0 0 0 0 0 ] 
	 [ 7 0 0 0 0 0 0 0 0 0 0 0 7 ] 
	 [ 7 0 0 0 0 0 0 0 0 0 0 0 7 ] 
	 [ 0 0 0 0 0 0 0 0 0 0 0 0 0 ] 
	 [ 0 0 0 0 0 0 0 0 0 0 0 0 0 ] 
	 [ 7 34 12 FE 0 0 0 0 0 0 0 0 4B ] 
	 [ 0 0 0 0 0 0 0 0 C5 7F 0 20 43 ] 
	 [ 0 0 0 0 0 0 0 0 0 0 0 0 0 ] 
	 [ ] 
	 [ 0 0 0 0 0 0 0 0 C5 7F 0 20 43 ] 
	 [ 0 0 0 0 0 0 0 0 0 0 0 0 0 ] 
	 [ 7 0 0 0 0 0 0 0 C5 7F 0 20 43 ] 
	 [ 7 0 0 0 0 0 0 0 0 0 0 0 7 ] 
	 [ 7 34 12 FE 0 0 0 0 0 0 0 0 4B ] 
	 [ 0 0 0 0 0 0 0 0 0 0 0 0 0 ] 
	 [ 0 0 0 0 0 0 0 0 0 0 0 0 0 ] 
	 [ 7 34 12 FE 0 0 0 0 0 0 0 0 4B ] 
	 [ 7 0 0 0 0 0 0 0 0 0 0 0 7 ] 
	 [ 0 0 0 0 0 0 0 0 0 0 0 0 0 ] 
	 [ 0 0 0 0 0 0 0 0 0 0 0 0 0 ] 
	 [ 7 0 0 0 0 0 0 0 0 0 0 0 7 ] 
	 [ ] 
	 [ 7 34 12 FE 0 0 0 0 0 0 0 0 4B ] 
	 [ 0 0 0 0 0 0 0 0 0 0 0 0 0 ] 
	 [ 7 34 12 FE 0 0 0 0 0 0 0 20 43 ] 
	 [ 7 34 12 FE 0 0 0 0 0 0 0 0 4B ] 
	 [ 0 0 0 0 0 0 0 0 C5 7F 0 20 43 ] 
	 [ 0 0 0 0 0 0 0 0 0 0 0 0 0 ] 
	 [ 7 0 0 0 0 0 0 0 0 0 0 0 7 ] 
	 [ 0 0 0 0 0 0 0 0 C5 7F 0 20 43 ] 
	 [ 0 0 0 0 0 0 0 0 0 0 0 0 0 ] 
	 [ 0 0 0 0 0 0 0 0 0 0 0 0 0 ] 
	 [ 7 34 12 FE 0 0 0 0 0 0 0 0 4B ] 
	 [ 7 34 12 FE 0 0 0 0 0 0 0 0 4B ] 
	 [ 0 0 0 0 0 0 0 0 0 0 0 0 0 ] 
	 [ 0 0 0 0 0 0 0 0 0 0 0 0 0 ] 
	 [ 7 0 0 0 0 0 0 0 0 0 0 0 7 ] 
	 [ 0 0 0 0 E 0 0 0 C5 7F 0 20 43 ] 
	 [ 0 0 0 0 0 0 0 0 0 0 0 0 0 ] 
	 [ 7 34 12 FE 0 0 0 0 0 0 0 20 43 ] 
	 [ 7 34 12 FE 0 0 0 0 0 0 0 0 4B ] 
	 [ 0 0 0 0 0 0 0 0 C5 7F 0 20 43 ] 
	 [ 0 0 0 0 0 0 0 0 0 0 0 0 0 ] 
	 [ 0 0 0 0 0 0 0 0 0 0 0 0 0 ] 
	 [ 7 0 0 0 0 0 0 0 0 0 0 0 7 ] 
	 [ 0 0 0 0 0 0 0 0 C5 7F 0 20 43 ] 
	 [ 0 0 0 0 0 0 0 0 0 0 0 0 0 ] 
	 [ ] 
	 [ 0 0 0 0 0 0 0 0 0 0 0 20 43 ] 
	 [ 0 0 0 0 0 0 0 0 0 0 0 0 0 ] 
	 [ 0 0 0 0 0 0 0 0 0 0 0 0 0 ] 
	 [ 7 0 0 0 0 0 0 0 0 0 0 0 7 ] 
	 [ 0 0 0 0 E 0 0 0 C5 7F 0 20 43 ] 
	 [ 0 0 0 0 0 0 0 0 0 0 0 0 0 ] 
	 [ 7 0 0 0 0 0 0 0 0 0 0 20 43 ] 
	 [ 7 34 12 FE 0 0 0 0 0 0 0 0 4B ] 
	 [ 0 0 0 0 0 0 0 0 C5 7F 0 20 43 ] 
	 [ 0 0 0 0 0 0 0 0 0 0 0 0 0 ] 
	 [ 0 0 0 0 0 0 0 0 0 0 0 0 0 ] 
	 [ 7 0 0 0 0 0 0 0 0 0 0 0 7 ] 
	 [ 0 0 0 0 0 0 0 0 0 0 0 20 43 ] 
	 [ 0 0 0 0 0 0 0 0 0 0 0 0 0 ] 
	 [ 7 0 0 0 0 0 0 0 0 0 0 0 0 ] 
	 [ 7 34 12 FE 0 0 0 0 0 0 0 0 4B ] 
	 [ ] 
	 [ 7 34 12 FE 0 0 0 0 0 0 0 0 0 ] 
	 [ 7 34 12 FE 0 0 0 0 0 0 0 0 4B ] 
	 [ 0 0 0 0 E 0 0 0 C5 7F 0 20 43 ] 
	 [ 0 0 0 0 0 0 0 0 0 0 0 0 0 ] 
	 [ 7 0 0 0 0 0 0 0 0 0 0 20 43 ] 
	 [ 7 0 0 0 0 0 0 0 0 0 0 0 7 ] 
	 [ 0 0 0 0 0 0 0 0 C5 7F 0 20 43 ] 
	 [ 0 0 0 0 0 0 0 0 0 0 0 0 0 ] 
	 [ 0 0 0 0 0 0 0 0 0 0 0 0 0 ] 
	 [ 7 34 12 FE 0 0 0 0 0 0 0 0 4B ] 
	 [ 0 0 0 0 0 0 0 0 0 0 0 0 43 ] 
	 [ 0 0 0 0 0 0 0 0 0 0 0 0 0 ] 
	 [ 7 0 0 0 0 0 0 0 0 0 0 0 7 ] 
	 [ 0 0 0 0 0 0 0 0 0 0 0 0 0 ] 
	 [ 7 0 0 0 0 0 0 0 0 0 0 0 7 ] 
	 [ 0 0 0 0 0 0 0 0 0 0 0 0 0 ] 
	 [ 7 34 12 FE 0 0 0 0 0 0 0 0 4B ] 
	 [ 0 0 0 0 0 0 0 0 0 0 0 0 0 ] 
	 [ 7 34 12 FE 0 0 0 0 0 0 0 0 4B ] 
	 [ 0 0 0 0 0 0 0 0 0 0 0 0 0 ] 
	 [ 0 0 0 0 0 0 0 0 0 0 0 0 0 ] 
	 [ 7 0 0 0 0 0 0 0 C5 7F 0 20 43 ] 
	 [ 7 0 0 0 0 0 0 0 0 0 0 0 7 ] 
	 [ 7 0 0 0 0 0 0 0 0 0 0 0 7 ] 
	 [ 0 0 0 0 0 0 0 0 0 0 0 0 0 ] 
	 [ 7 34 12 FE 0 0 0 0 0 0 0 0 43 ] 
	 [ 7 34 12 FE 0 0 0 0 0 0 0 0 4B ] 
	 [ 7 34 12 FE 0 0 0 0 0 0 0 0 0 ] 
	 [ 7 0 0 0 0 0 0 0 0 0 0 0 7 ] 
	 [ 7 0 0 0 0 0 0 0 0 0 0 0 7 ] 
	 [ ] 
	 [ 7 0 0 0 0 0 0 0 C5 7F 0 20 43 ] 
	 [ 7 34 12 FE 0 0 0 0 0 0 0 0 4B ] 
	 [ 0 0 0 0 0 0 0 0 0 0 0 0 0 ] 
	 [ 0 0 0 0 0 0 0 0 0 0 0 0 0 ] 
	 [ 7 34 12 FE 0 0 0 0 C5 7F 0 20 43 ] 
	 [ 7 0 0 0 0 0 0 0 0 0 0 0 7 ] 
	 [ 7 0 0 0 0 0 0 0 0 0 0 0 7 ] 
	 [ 0 0 0 0 0 0 0 0 0 0 0 0 0 ] 
	 [ 7 0 0 0 0 0 0 0 0 0 0 0 43 ] 
	 [ 7 34 12 FE 0 0 0 0 0 0 0 0 4B ] 
	 [ 0 0 0 0 0 0 0 0 0 0 0 0 0 ] 
	 [ 7 34 12 FE 0 0 0 0 0 0 0 0 4B ] 
	 [ 0 0 0 0 0 0 0 0 0 0 0 0 0 ] 
	 [ 7 34 12 FE 0 0 0 0 C5 7F 0 20 43 ] 
	 [ 7 0 0 0 0 0 0 0 0 0 0 0 7 ] 
	 [ 0 0 0 0 0 0 0 0 0 0 0 20 43 ] 
	 [ 0 0 0 0 0 0 0 0 0 0 0 0 0 ] 
	 [ 7 0 0 0 0 0 0 0 0 0 0 0 7 ] 
	 [ 0 0 0 0 0 0 0 0 0 0 0 0 0 ] 
	 [ 7 34 12 FE 0 0 0 0 0 0 0 0 4B ] 
	 [ 0 0 0 0 0 0 0 0 0 0 0 0 0 ] 
	 [ 0 E 1 1 0 0 0 0 0 0 0 0 0 ] 
	 [ 7 34 12 FE 0 0 0 0 0 0 0 0 4B ] 
	 [ 0 0 0 0 0 0 0 0 0 0 0 0 43 ] 
	 [ 0 0 0 0 0 0 0 0 0 0 0 0 0 ] 
	 [ 0 0 0 0 0 0 0 0 0 0 0 0 0 ] 
	 [ 7 0 0 0 0 0 0 0 0 0 0 0 7 ] 
	 [ ] 
	 [ 7 34 12 FE 0 0 0 0 0 0 0 0 4B ] 
	 [ 0 0 0 0 0 0 0 0 0 0 0 0 0 ] 
	 [ 7 34 12 FE 0 0 0 0 0 0 0 0 4B ] 
	 [ 0 0 0 0 0 0 0 0 0 0 0 0 0 ] 
	 [ 7 34 12 FE 0 0 0 0 0 0 0 0 4B ] 
	 [ 0 0 0 0 0 0 0 0 0 0 0 0 0 ] 
	 [ 0 0 0 0 0 0 0 0 0 0 0 0 0 ] 
	 [ 7 0 0 0 0 0 0 0 0 0 0 0 7 ] 
	 [ 7 0 0 0 0 0 0 0 0 0 0 0 7 ] 
	 [ 0 0 0 0 0 0 0 0 0 0 0 0 0 ] 
	 [ 0 E 1 1 0 0 0 0 0 0 0 0 0 ] 
	 [ 7 34 12 FE 0 0 0 0 0 0 0 0 4B ] 
	 [ 0 0 0 0 0 0 0 0 0 0 0 0 43 ] 
	 [ 0 0 0 0 0 0 0 0 0 0 0 0 0 ] 
	 [ 0 0 0 0 0 0 0 0 0 0 0 0 0 ] 
	 [ 7 0 0 0 0 0 0 0 0 0 0 0 7 ] 
	 [ 0 0 0 0 E 0 0 0 C5 7F 0 20 43 ] 
	 [ 0 0 0 0 0 0 0 0 0 0 0 0 0 ] 
	 [ 0 0 0 0 0 0 0 0 0 0 0 0 0 ] 
	 [ 7 34 12 FE 0 0 0 0 0 0 0 0 4B ] 
	 [ ] 
	 [ 7 34 12 FE 0 0 0 0 C5 7F 0 20 43 ] 
	 [ 7 0 0 0 0 0 0 0 0 0 0 0 7 ] 
	 [ 7 0 0 0 0 0 0 0 0 0 0 0 7 ] 
	 [ 0 0 0 0 0 0 0 0 0 0 0 0 0 ] 
	 [ 0 0 0 0 0 0 0 0 0 0 0 0 0 ] 
	 [ 7 34 12 FE 0 0 0 0 0 0 0 0 4B ] 
	 [ 0 0 0 0 E 0 0 0 C5 7F 0 20 43 ] 
	 [ 0 0 0 0 0 0 0 0 0 0 0 0 0 ] 
	 [ 7 34 12 FE 0 0 0 0 0 0 0 20 43 ] 
	 [ 7 0 0 0 0 0 0 0 0 0 0 0 7 ] 
	 [ 7 0 0 0 0 0 0 0 0 0 0 0 7 ] 
	 [ 0 0 0 0 0 0 0 0 0 0 0 0 0 ] 
	 [ 1 0 0 0 0 0 0 0 7 0 0 0 43 ] 
	 [ 7 34 12 FE 0 0 0 0 0 0 0 0 4B ] 
	 [ 0 0 0 0 0 0 0 0 C5 7F 0 20 43 ] 
	 [ 0 0 0 0 0 0 0 0 0 0 0 0 0 ] 
	 [ 7 34 12 FE 0 0 0 0 0 0 0 0 4B ] 
	 [ 0 0 0 0 0 0 0 0 C5 7F 0 20 43 ] 
	 [ 0 0 0 0 0 0 0 0 0 0 0 0 0 ] 
	 [ 0 0 0 0 0 0 0 0 0 0 0 0 0 ] 
	 [ 7 0 0 0 0 0 0 0 0 0 0 0 7 ] 
	 [ 0 0 0 0 E 0 0 0 C5 7F 0 20 43 ] 
	 [ 0 0 0 0 0 0 0 0 0 0 0 0 0 ] 
	 [ 7 34 12 FE 0 0 0 0 0 0 0 20 43 ] 
	 [ 7 34 12 FE 0 0 0 0 0 0 0 0 4B ] 
	 [ 7 0 0 0 0 0 0 0 0 0 0 0 7 ] 
	 [ 0 0 0 0 0 0 0 0 0 0 0 0 0 ] 
	 [ 0 0 0 0 E 0 0 0 C5 7F 0 20 43 ] 
	 [ 7 0 0 0 0 0 0 0 0 0 0 0 7 ] 
	 [ 0 0 0 0 0 0 0 0 0 0 0 20 43 ] 
	 [ 0 0 0 0 0 0 0 0 0 0 0 0 0 ] 
	 [ ] 
	 [ 0 0 0 0 0 0 0 0 0 0 0 0 0 ] 
	 [ 7 34 12 FE 0 0 0 0 0 0 0 0 4B ] 
	 [ 0 0 0 0 0 0 0 0 0 0 0 0 0 ] 
	 [ 0 0 0 0 E 0 0 0 C5 7F 0 20 43 ] 
	 [ 7 0 0 0 0 0 0 0 0 0 0 0 7 ] 
	 [ 0 0 0 0 E 0 0 0 C5 7F 0 20 43 ] 
	 [ 0 0 0 0 0 0 0 0 0 0 0 0 0 ] 
	 [ 7 34 12 FE 0 0 0 0 0 0 0 20 43 ] 
	 [ 7 34 12 FE 0 0 0 0 0 0 0 0 4B ] 
	 [ 7 34 12 FE 0 0 0 0 0 0 0 0 4B ] 
	 [ 0 0 0 0 0 0 0 0 0 0 0 0 0 ] 
	 [ 0 0 0 0 E 0 0 0 C5 7F 0 20 43 ] 
	 [ 7 0 0 0 0 0 0 0 0 0 0 0 7 ] 
	 [ 0 0 0 0 0 0 0 0 C5 7F 0 20 43 ] 
	 [ 0 0 0 0 0 0 0 0 0 0 0 0 0 ] 
	 [ 7 34 12 FE 0 0 0 0 C5 7F 0 20 43 ] 
	 [ 7 34 12 FE 0 0 0 0 0 0 0 0 4B ] 
	 [ 7 34 12 FE 0 0 0 0 0 0 0 0 4B ] 
	 [ 0 0 0 0 0 0 0 0 0 0 0 0 0 ] 
	 [ 0 7 0 0 0 0 0 0 C5 7F 0 20 43 ] 
	 [ 7 0 0 0 0 0 0 0 0 0 0 0 7 ] 
	 [ ] 
	 [ 7 0 0 0 0 0 0 0 0 0 0 0 7 ] 
	 [ 0 0 0 0 0 0 0 0 0 0 0 0 0 ] 
	 [ D 0 0 0 E 0 0 0 C5 7F 0 20 43 ] 
	 [ 7 34 12 FE 0 0 0 0 0 0 0 0 4B ] 
	 [ 0 0 0 0 0 0 0 0 0 0 0 0 0 ] 
	 [ 0 0 0 0 E 0 0 0 C5 7F 0 20 43 ] 
	 [ 7 0 0 0 0 0 0 0 0 0 0 0 7 ] 
	 [ 0 0 0 0 0 0 0 0 C5 7F 0 20 43 ] 
	 [ 0 0 0 0 0 0 0 0 0 0 0 0 0 ] 
	 [ 7 0 0 0 0 0 0 0 C5 7F 0 20 43 ] 
	 [ 7 34 12 FE 0 0 0 0 0 0 0 0 4B ] 
	 [ 7 34 12 FE 0 0 0 0 0 0 0 0 4B ] 
	 [ 0 0 0 0 0 0 0 0 0 0 0 0 0 ] 
	 [ 7 34 0 E 0 0 0 0 0 0 0 0 0 ] 
	 [ 7 0 0 0 0 0 0 0 0 0 0 0 7 ] 
	 [ 0 0 0 0 0 0 0 0 C5 7F 0 20 43 ] 
	 [ 0 0 0 0 0 0 0 0 0 0 0 0 0 ] 
	 [ 0 0 0 0 E 0 0 0 C5 7F 0 20 43 ] 
	 [ 7 34 12 FE 0 0 0 0 0 0 0 0 4B ] 
	 [ ] 
	 [ 7 34 12 FE 0 0 0 0 0 0 0 20 43 ] 
	 [ 7 34 12 FE 0 0 0 0 0 0 0 0 4B ] 
	 [ 0 0 0 0 0 0 0 0 C5 7F 0 20 43 ] 
	 [ 0 0 0 0 0 0 0 0 0 0 0 0 0 ] 
	 [ 7 0 0 0 0 0 0 0 C5 7F 0 20 43 ] 
	 [ 7 0 0 0 0 0 0 0 0 0 0 0 7 ] 
	 [ 7 34 12 FE 0 0 0 0 0 0 0 0 4B ] 
	 [ 0 0 0 0 0 0 0 0 0 0 0 0 0 ] 
	 [ 7 34 0 E 0 0 0 0 0 0 0 0 0 ] 
	 [ 7 34 12 FE 0 0 0 0 0 0 0 0 4B ] 
	 [ 0 0 0 0 0 0 0 0 C5 7F 0 20 43 ] 
	 [ 0 0 0 0 0 0 0 0 0 0 0 0 0 ] 
	 [ 0 0 0 0 E 0 0 0 C5 7F 0 20 43 ] 
	 [ 7 0 0 0 0 0 0 0 0 0 0 0 7 ] 
	 [ 0 0 0 0 0 0 0 0 0 0 0 0 0 ] 
	 [ 7 34 12 FE 0 0 0 0 0 0 0 0 4B ] 
	 [ 0 0 0 0 0 0 0 0 0 0 0 0 0 ] 
	 [ 7 34 12 FE 0 0 0 0 0 0 0 0 4B ] 
	 [ 0 0 0 0 0 0 0 0 C5 7F 0 20 43 ] 
	 [ 0 0 0 0 0 0 0 0 0 0 0 0 0 ] 
	 [ 7 0 0 0 0 0 0 0 C5 7F 0 20 43 ] 
	 [ 7 0 0 0 0 0 0 0 0 0 0 0 7 ] 
	 [ 7 0 0 0 0 0 0 0 0 0 0 0 7 ] 
	 [ 0 0 0 0 0 0 0 0 0 0 0 0 0 ] 
	 [ 7 34 0 E 0 0 0 0 0 0 0 0 0 ] 
	 [ 7 34 12 FE 0 0 0 0 0 0 0 0 4B ] 
	 [ 0 0 0 0 0 0 0 0 C5 7F 0 20 43 ] 
	 [ 0 0 0 0 0 0 0 0 0 0 0 0 0 ] 
	 [ 7 0 0 0 0 E 1 1 1 0 0 0 0 ] 
	 [ 7 0 0 0 0 0 0 0 0 0 0 0 7 ] 
	 [ 0 0 0 0 0 0 0 0 0 0 0 0 0 ] 
	 [ 0 0 0 0 0 0 0 0 0 0 0 0 0 ] 
	 [ 7 34 12 FE 0 0 0 0 0 0 0 0 4B ] 
	 [ 0 0 0 0 0 0 0 0 C5 7F 0 20 43 ] 
	 [ 0 0 0 0 0 0 0 0 0 0 0 0 0 ] 
	 [ 7 34 12 FE 0 0 0 0 C5 7F 0 20 43 ] 
	 [ 7 0 0 0 0 0 0 0 0 0 0 0 7 ] 
	 [ 7 0 0 0 0 0 0 0 0 0 0 0 7 ] 
	 [ 0 0 0 0 0 0 0 0 0 0 0 0 0 ] 
	 [ 7 0 0 0 E 0 0 0 C5 7F 0 20 43 ] 
	 [ 7 34 12 FE 0 0 0 0 0 0 0 0 4B ] 
	 [ 0 0 0 0 0 0 0 0 0 0 0 20 43 ] 
	 [ 0 0 0 0 0 0 0 0 0 0 0 0 0 ] 
	 [ 7 34 12 FE 0 0 0 0 0 0 0 0 4B ] 
	 [ 0 0 0 0 E 0 0 0 C5 7F 0 20 43 ] 
	 [ 0 0 0 0 0 0 0 0 0 0 0 0 0 ] 
	 [ 0 0 0 0 0 0 0 0 0 0 0 0 0 ] 
	 [ 7 0 0 0 0 0 0 0 0 0 0 0 7 ] 
	 [ 0 0 0 0 0 0 0 0 C5 7F 0 20 43 ] 
	 [ 0 0 0 0 0 0 0 0 0 0 0 0 0 ] 
	 [ 7 34 12 FE 0 0 0 0 C5 7F 0 20 43 ] 
	 [ 7 34 12 FE 0 0 0 0 0 0 0 0 4B ] 
	 [ ] 
	 [ 7 0 0 0 0 0 0 0 0 0 0 0 0 ] 
	 [ 7 0 0 0 0 0 0 0 7 0 0 0 43 ] 
	 [ 7 0 0 0 0 0 0 0 0 0 0 0 7 ] 
	 [ 0 0 0 0 0 0 0 0 0 0 0 0 0 ] 
	 [ 7 34 12 FE 0 0 0 0 C5 7F 0 20 43 ] 
	 [ 7 34 12 FE 0 0 0 0 0 0 0 0 4B ] 
	 [ 0 0 0 0 E 0 0 0 C5 7F 0 20 43 ] 
	 [ 0 0 0 0 0 0 0 0 0 0 0 0 0 ] 
	 [ 0 0 0 0 0 0 0 0 0 0 0 0 0 ] 
	 [ 7 0 0 0 0 0 0 0 0 0 0 0 7 ] 
	 [ 0 0 0 0 0 0 0 0 C5 7F 0 20 43 ] 
	 [ 0 0 0 0 0 0 0 0 0 0 0 0 0 ] 
	 [ 7 34 12 FE 0 0 0 0 C5 7F 0 20 43 ] 
	 [ 7 34 12 FE 0 0 0 0 0 0 0 0 4B ] 
	 [ 0 0 0 0 0 0 0 0 0 0 0 0 0 ] 
	 [ 7 34 12 FE 0 0 0 0 0 0 0 0 4B ] 
	 [ 0 0 0 0 0 0 0 0 0 0 0 0 0 ] 
	 [ 7 0 0 0 E 0 0 0 C5 7F 0 20 43 ] 
	 [ 7 0 0 0 0 0 0 0 0 0 0 0 7 ] 
	 [ 0 0 0 0 0 0 0 0 C5 7F 0 20 43 ] 
	 [ 0 0 0 0 0 0 0 0 0 0 0 0 0 ] 
	 [ 7 0 E 1 0 0 0 0 0 0 0 0 0 ] 
	 [ 7 34 12 FE 0 0 0 0 0 0 0 0 4B ] 
	 [ 7 34 12 FE 0 0 0 0 0 0 0 0 4B ] 
	 [ 0 0 0 0 0 0 0 0 0 0 0 0 0 ] 
	 [ 7 0 0 0 0 0 0 0 0 0 7 0 0 ] 
	 [ 7 0 0 0 0 0 0 0 0 0 0 0 7 ] 
	 [ 0 0 0 0 0 0 0 0 0 0 0 0 0 ] 
	 [ 0 0 0 0 0 0 0 0 0 0 0 0 0 ] 
	 [ ] 
	 [ 0 0 0 0 0 0 0 0 C5 7F 0 20 43 ] 
	 [ 0 0 0 0 0 0 0 0 0 0 0 0 0 ] 
	 [ 7 34 0 E 0 0 0 0 0 0 0 0 0 ] 
	 [ 7 0 0 0 0 0 0 0 0 0 0 0 7 ] 
	 [ 0 0 0 0 0 0 0 0 C5 7F 0 20 43 ] 
	 [ 0 0 0 0 0 0 0 0 0 0 0 0 0 ] 
	 [ 7 0 0 0 E 0 0 0 C5 7F 0 20 43 ] 
	 [ 7 34 12 FE 0 0 0 0 0 0 0 0 4B ] 
	 [ 7 34 12 FE 0 0 0 0 0 0 0 0 4B ] 
	 [ 0 0 0 0 0 0 0 0 0 0 0 0 0 ] 
	 [ 7 34 12 FE 0 0 0 0 C5 7F 0 20 43 ] 
	 [ 7 0 0 0 0 0 0 0 0 0 0 0 7 ] 
	 [ 0 0 0 0 0 0 0 0 0 7F 0 20 43 ] 
	 [ 0 0 0 0 0 0 0 0 0 0 0 0 0 ] 
	 [ 7 0 0 0 0 0 0 0 0 0 0 0 43 ] 
	 [ 0 0 0 0 0 0 0 0 0 0 0 0 0 ] 
	 [ 0 0 0 0 0 0 0 0 0 0 0 0 0 ] 
	 [ 7 34 0 E 0 0 0 0 0 0 0 0 0 ] 
	 [ 7 34 12 FE 0 0 0 0 0 0 0 0 4B ] 
	 [ 0 0 0 0 0 0 0 0 C5 7F 0 20 43 ] 
	 [ 0 0 0 0 0 0 0 0 0 0 0 0 0 ] 
	 [ 7 0 0 0 E 0 0 0 C5 7F 0 20 43 ] 
	 [ 7 0 0 0 0 0 0 0 0 0 0 0 7 ] 
	 [ 7 34 12 FE 0 0 0 0 0 0 0 0 4B ] 
	 [ 0 0 0 0 0 0 0 0 0 0 0 0 0 ] 
	 [ 7 34 12 FE 0 0 0 0 C5 7F 0 20 43 ] 
	 [ 7 34 12 FE 0 0 0 0 0 0 0 0 4B ] 
	 [ 0 0 0 0 0 0 0 0 0 0 0 0 0 ] 
	 [ 7 0 0 0 0 0 0 0 C5 7F 0 20 43 ] 
	 [ 7 0 0 0 0 0 0 0 0 0 0 0 7 ] 
	 [ 0 0 0 0 0 0 0 0 0 0 0 0 0 ] 
	 [ 0 0 0 0 0 0 0 0 0 0 0 0 0 ] 
	 [ 7 34 0 E 0 0 0 0 0 0 0 0 0 ] 
	 [ 7 34 12 FE 0 0 0 0 0 0 0 0 4B ] 
	 [ 0 0 0 0 0 0 0 0 C5 7F 0 20 43 ] 
	 [ 0 0 0 0 0 0 0 0 0 0 0 0 0 ] 
	 [ 7 0 0 0 E 0 0 0 C5 7F 0 20 43 ] 
	 [ 7 0 0 0 0 0 0 0 0 0 0 0 7 ] 
	 [ 7 0 0 0 0 0 0 0 0 0 0 0 7 ] 
	 [ 0 0 0 0 0 0 0 0 0 0 0 0 0 ] 
	 [ 7 34 12 FE 0 0 0 0 0 0 0 0 4B ] 
	 [ 0 0 0 0 0 0 0 0 0 7F 0 20 43 ] 
	 [ 0 0 0 0 0 0 0 0 0 0 0 0 0 ] 
	 [ 7 34 12 FE 0 0 0 0 C5 7F 0 20 43 ] 
	 [ 7 0 0 0 0 0 0 0 0 0 0 0 7 ] 
	 [ 0 0 0 0 0 0 0 0 0 0 0 0 0 ] 
	 [ 0 0 0 0 0 0 0 0 0 0 0 0 0 ] 
	 [ 7 0 0 0 E 0 0 0 C5 7F 0 20 43 ] 
	 [ 7 34 12 FE 0 0 0 0 0 0 0 0 4B ] 
	 [ 0 0 0 0 0 0 0 0 C5 7F 0 20 43 ] 
	 [ 0 0 0 0 0 0 0 0 0 0 0 0 0 ] 
	 [ 7 FE 1 1 0 0 0 0 0 0 4B 0 0 ] 
	 [ 7 0 0 0 0 0 0 0 0 0 0 0 7 ] 
	 [ ] 
	 [ 7 0 0 0 0 0 0 0 0 0 0 0 0 ] 
	 [ 7 0 0 0 0 0 0 0 0 0 0 0 7 ] 
	 [ 0 0 0 0 0 0 0 0 0 7F 0 20 43 ] 
	 [ 0 0 0 0 0 0 0 0 0 0 0 0 0 ] 
	 [ 7 34 12 FE 0 0 0 0 C5 7F 0 20 43 ] 
	 [ 7 34 12 FE 0 0 0 0 0 0 0 0 4B ] 
	 [ 0 0 0 0 0 0 0 0 0 0 0 0 0 ] 
	 [ 0 0 0 0 0 0 0 0 0 0 0 0 0 ] 
	 [ 7 0 0 0 E 0 0 0 C5 7F 0 20 43 ] 
	 [ 7 0 0 0 0 0 0 0 0 0 0 0 7 ] 
	 [ 0 0 0 0 0 0 0 0 0 7F 0 20 43 ] 
	 [ 0 0 0 0 0 0 0 0 0 0 0 0 0 ] 
	 [ 7 34 0 E 0 0 0 0 0 0 0 0 0 ] 
	 [ 7 34 12 FE 0 0 0 0 0 0 0 0 4B ] 
	 [ 0 0 0 0 0 0 0 0 0 0 0 0 0 ] 
	 [ 7 0 0 0 0 0 0 0 0 0 0 0 7 ] 
	 [ 0 0 0 0 0 0 0 0 0 0 0 0 0 ] 
	 [ 7 0 0 0 0 0 0 0 0 0 0 0 7 ] 
	 [ 0 0 0 0 0 0 0 0 0 0 0 0 0 ] 
	 [ 0 0 0 0 0 0 0 0 0 0 0 0 0 ] 
	 [ 7 34 12 FE 0 0 0 0 0 0 0 0 0 ] 
	 [ 7 34 12 FE 0 0 0 0 0 0 0 0 4B ] 
	 [ 0 0 0 0 E 0 0 0 C5 7F 0 20 43 ] 
	 [ 0 0 0 0 0 0 0 0 0 0 0 0 0 ] 
	 [ 7 0 0 0 0 0 0 0 0 7F 0 20 43 ] 
	 [ 7 0 0 0 0 0 0 0 0 0 0 0 7 ] 
	 [ 0 0 0 0 E 0 0 0 C5 7F 0 20 43 ] 
	 [ 0 0 0 0 0 0 0 0 0 0 0 0 0 ] 
	 [ ] 
	 [ 0 0 0 0 0 0 0 0 0 0 0 20 43 ] 
	 [ 0 0 0 0 0 0 0 0 0 0 0 0 0 ] 
	 [ 0 0 0 0 0 0 0 0 0 0 0 0 0 ] 
	 [ 7 34 12 FE 0 0 0 0 0 0 0 0 4B ] 
	 [ 0 0 0 0 0 0 0 0 0 0 0 0 0 ] 
	 [ 0 0 0 0 0 0 0 0 0 0 0 0 0 ] 
	 [ 7 0 0 0 0 0 0 0 0 0 0 0 0 ] 
	 [ 7 0 0 0 0 0 0 0 0 0 0 0 7 ] 
	 [ 0 0 0 0 E 0 0 0 C5 7F 0 20 43 ] 
	 [ 0 0 0 0 0 0 0 0 0 0 0 0 0 ] 
	 [ 7 34 12 FE 0 0 0 0 4B 0 0 0 43 ] 
	 [ 7 34 12 FE 0 0 0 0 0 0 0 0 4B ] 
	 [ 0 0 0 0 0 0 0 0 C5 7F 0 20 43 ] 
	 [ 0 0 0 0 0 0 0 0 0 0 0 0 0 ] 
	 [ 7 0 0 0 0 0 0 0 0 0 0 20 43 ] 
	 [ 7 0 0 0 0 0 0 0 0 0 0 0 7 ] 
	 [ ] 
	 [ 7 0 0 0 0 0 0 0 0 0 0 0 7 ] 
	 [ 0 0 0 0 0 0 0 0 0 0 0 0 0 ] 
	 [ 7 34 12 FE 0 0 0 0 0 0 0 0 4B ] 
	 [ 0 0 0 0 0 0 0 0 0 0 0 0 0 ] 
	 [ 7 34 12 FE 0 0 0 0 0 0 0 0 4B ] 
	 [ 0 0 0 0 0 0 0 0 0 0 0 0 0 ] 
	 [ 7 34 12 FE 0 0 0 0 0 0 0 20 43 ] 
	 [ 7 0 0 0 0 0 0 0 0 0 0 0 7 ] 
	 [ 0 0 0 0 0 0 0 0 0 0 0 0 43 ] 
	 [ 0 0 0 0 0 0 0 0 0 0 0 0 0 ] 
	 [ 7 0 0 0 0 0 0 0 C5 7F 0 20 43 ] 
	 [ 7 34 12 FE 0 0 0 0 0 0 0 0 4B ] 
	 [ 0 0 0 0 0 0 0 0 0 0 0 20 43 ] 
	 [ 0 0 0 0 0 0 0 0 0 0 0 0 0 ] 
	 [ 7 34 12 0 0 0 0 0 C5 7F 0 20 43 ] 
	 [ 7 0 0 0 0 0 0 0 0 0 0 0 7 ] 
	 [ 7 0 0 0 0 0 0 0 0 0 0 0 7 ] 
	 [ 0 0 0 0 0 0 0 0 0 0 0 0 0 ] 
	 [ ] 
	 [ 0 0 0 0 0 0 0 0 0 0 0 20 43 ] 
	 [ 0 0 0 0 0 0 0 0 0 0 0 0 0 ] 
	 [ 7 34 12 FE 0 0 0 0 0 0 0 20 43 ] 
	 [ 7 34 12 FE 0 0 0 0 0 0 0 0 4B ] 
	 [ 0 0 0 0 0 0 0 0 0 0 0 0 43 ] 
	 [ 0 0 0 0 0 0 0 0 0 0 0 0 0 ] 
	 [ 7 0 0 0 0 0 0 0 C5 7F 0 20 43 ] 
	 [ 7 0 0 0 0 0 0 0 0 0 0 0 7 ] 
	 [ 0 0 0 0 0 0 0 0 0 0 0 20 43 ] 
	 [ 0 0 0 0 0 0 0 0 0 0 0 0 0 ] 
	 [ 7 34 12 0 0 0 0 0 C5 7F 0 20 43 ] 
	 [ 7 34 12 FE 0 0 0 0 0 0 0 0 4B ] 
	 [ 0 0 0 0 0 0 0 0 C5 7F 0 20 43 ] 
	 [ 0 0 0 0 0 0 0 0 0 0 0 0 0 ] 
	 [ 7 0 0 0 0 0 0 0 0 0 0 20 43 ] 
	 [ 7 0 0 0 0 0 0 0 0 0 0 0 7 ] 
	 [ 0 0 0 0 0 0 0 0 0 0 0 0 0 ] 
	 [ 7 34 12 FE 0 0 0 0 0 0 0 0 4B ] 
	 [ 0 0 0 0 0 0 0 0 0 0 0 0 0 ] 
	 [ 7 34 12 FE 0 0 0 0 0 0 0 0 4B ] 
	 [ 0 0 0 0 0 0 0 0 0 0 0 0 0 ] 
	 [ 7 34 12 FE 0 0 0 0 0 0 0 0 4B ] 
	 [ 0 0 0 0 0 0 0 0 0 0 0 0 0 ] 
	 [ 7 0 0 0 0 0 0 0 0 0 0 20 43 ] 
	 [ 7 0 0 0 0 0 0 0 0 0 0 0 7 ] 
	 [ 0 0 0 0 0 0 0 0 C5 7F 0 20 43 ] 
	 [ 0 0 0 0 0 0 0 0 0 0 0 0 0 ] 
	 [ 7 34 12 0 0 0 0 0 C5 7F 0 20 43 ] 
	 [ 7 34 12 FE 0 0 0 0 0 0 0 0 4B ] 
	 [ 0 0 0 0 0 0 0 0 0 0 0 20 43 ] 
	 [ 0 0 0 0 0 0 0 0 0 0 0 0 0 ] 
	 [ ] 
	 [ 0 0 0 0 0 0 0 0 0 0 0 0 43 ] 
	 [ 0 0 0 0 0 0 0 0 0 0 0 0 0 ] 
	 [ 0 0 0 0 0 0 0 0 0 0 0 0 0 ] 
	 [ 7 34 12 FE 0 0 0 0 0 0 0 0 4B ] 
	 [ 7 34 12 FE 0 0 0 0 0 0 0 0 4B ] 
	 [ 0 0 0 0 0 0 0 0 0 0 0 0 0 ] 
	 [ 7 34 12 FE 0 0 0 0 0 0 0 20 43 ] 
	 [ 7 0 0 0 0 0 0 0 0 0 0 0 7 ] 
	 [ 0 0 0 0 0 0 0 0 C5 7F 0 20 43 ] 
	 [ 0 0 0 0 0 0 0 0 0 0 0 0 0 ] 
	 [ 7 0 0 0 0 0 E 1 1 1 0 0 0 ] 
	 [ 7 34 12 FE 0 0 0 0 0 0 0 0 4B ] 
	 [ 0 0 0 0 0 0 0 0 0 0 0 0 0 ] 
	 [ 0 0 0 0 0 0 0 0 0 0 0 0 0 ] 
	 [ 7 34 12 FE 0 0 0 0 0 0 0 0 4B ] 
	 [ 0 0 0 0 0 0 0 0 0 0 0 0 0 ] 
	 [ 7 0 0 0 0 0 0 0 C5 7F 0 20 43 ] 
	 [ ] 
	 [ 0 0 0 0 0 0 0 0 0 7F 0 20 43 ] 
	 [ 0 0 0 0 0 0 0 0 0 0 0 0 0 ] 
	 [ 7 34 12 FE 0 0 0 0 0 0 0 20 43 ] 
	 [ 7 34 12 FE 0 0 0 0 0 0 0 0 4B ] 
	 [ 0 0 0 0 0 0 0 0 C5 7F 0 20 43 ] 
	 [ 0 0 0 0 0 0 0 0 0 0 0 0 0 ] 
	 [ 7 0 0 0 0 0 0 0 C5 7F 0 20 43 ] 
	 [ 7 0 0 0 0 0 0 0 0 0 0 0 7 ] 
	 [ 0 0 0 0 0 0 0 0 0 0 0 0 0 ] 
	 [ 0 0 0 0 0 0 0 0 0 0 0 0 0 ] 
	 [ 7 34 12 FE 0 0 0 0 0 0 0 0 4B ] 
	 [ 0 0 0 0 0 0 0 0 0 0 0 0 0 ] 
	 [ 7 34 12 FE 0 0 0 0 0 0 0 0 4B ] 
	 [ 0 0 0 0 0 0 0 0 0 0 0 0 0 ] 
	 [ 7 0 0 0 0 0 0 0 0 0 0 0 7 ] 
	 [ 0 0 0 0 0 0 0 0 0 0 0 0 0 ] 
	 [ 7 0 0 0 0 0 0 0 0 0 0 0 7 ] 
	 [ 0 0 0 0 0 0 0 0 0 0 0 0 0 ] 
	 [ 7 0 0 0 0 0 0 0 0 0 0 0 7 ] 
	 [ 0 0 0 0 0 0 0 0 0 0 0 0 0 ] 
	 [ 7 34 12 FE 0 0 0 0 0 0 0 0 43 ] 
	 [ 7 34 12 FE 0 0 0 0 0 0 0 0 4B ] 
	 [ 0 0 0 0 0 0 0 0 C5 7F 0 20 43 ] 
	 [ 0 0 0 0 0 0 0 0 0 0 0 0 0 ] 
	 [ 7 0 0 0 0 0 0 0 0 0 0 0 0 ] 
	 [ 7 0 0 0 0 0 0 0 0 0 0 0 7 ] 
	 [ 7 0 0 0 0 0 0 0 0 0 0 0 7 ] 
	 [ 0 0 0 0 0 0 0 0 0 0 0 0 0 ] 
	 [ 0 0 0 0 0 0 0 0 0 0 0 0 0 ] 
	 [ 7 34 12 FE 0 0 0 0 0 0 0 0 4B ] 
	 [ ] 
	 [ 7 34 12 FE 0 0 0 0 C5 7F 0 20 43 ] 
	 [ C1 ] 
	 [ 0 0 0 0 E 0 0 0 C5 7F 0 20 43 ] 
	 [ ] 
	 [ 7 0 0 0 0 0 0 0 0 0 0 0 7 ] 
	 [ 0 0 0 0 0 0 0 0 0 0 0 0 0 ] 
	 [ 7 34 12 FE 0 0 0 0 0 0 0 0 4B ] 
	 [ 0 0 0 0 0 0 0 0 C5 7F 0 20 43 ] 
	 [ 0 0 0 0 0 0 0 0 0 0 0 0 0 ] 
	 [ 7 34 12 FE 0 0 0 0 0 0 0 0 0 ] 
	 [ 7 0 0 0 0 0 0 0 0 0 0 0 7 ] 
	 [ 7 0 0 0 0 0 0 0 0 0 0 0 7 ] 
	 [ 0 0 0 0 0 0 0 0 0 0 0 0 0 ] 
	 [ 0 0 0 0 0 0 0 0 0 0 0 0 0 ] 
	 [ 7 34 12 FE 0 0 0 0 0 0 0 0 4B ] 
	 [ 0 0 0 0 0 0 0 0 0 0 0 0 0 ] 
	 [ 7 34 12 FE 0 0 0 0 0 0 0 0 4B ] 
	 [ 0 0 0 0 0 0 0 0 0 0 0 0 0 ] 
	 [ 7 34 12 FE 0 0 0 0 0 0 0 0 4B ] 
	 [ 0 0 0 0 0 0 0 0 0 0 0 0 0 ] 
	 [ 7 0 0 0 0 0 0 0 0 7 0 0 0 ] 
	 [ 7 0 0 0 0 0 0 0 0 0 0 0 7 ] 
	 [ 0 0 0 0 0 0 0 0 0 0 0 0 0 ] 
	 [ 7 0 0 0 0 0 0 0 C5 7F 0 20 43 ] 
	 [ 7 34 12 FE 0 0 0 0 0 0 0 0 4B ] 
	 [ 0 0 0 0 0 0 0 0 0 0 0 0 0 ] 
	 [ 0 0 0 0 0 0 0 0 0 0 0 0 0 ] 
	 [ 0 0 0 0 0 0 0 0 0 0 0 0 0 ] 
	 [ 7 0 0 0 0 0 0 0 0 0 0 0 7 ] 
	 [ 7 0 0 0 0 0 0 0 0 0 0 0 7 ] 
	 [ 0 0 0 0 0 0 0 0 0 0 0 0 0 ] 
	 [ 0 0 0 0 0 0 0 0 0 0 0 0 0 ] 
	 [ 7 34 12 FE 0 0 0 0 0 0 0 0 4B ] 
	 [ ] 
	 [ 7 34 12 FE 0 0 0 0 C5 7F 0 20 43 ] 
	 [ 7 34 12 FE 0 0 0 0 0 0 0 0 4B ] 
	 [ 0 0 0 0 0 0 0 0 0 0 0 20 43 ] 
	 [ 7 0 0 0 0 0 0 0 0 0 0 0 7 ] 
	 [ 7 0 0 0 0 0 0 0 C5 7F 0 20 43 ] 
	 [ 7 0 0 0 0 0 0 0 0 0 0 0 7 ] 
	 [ 0 0 0 0 0 0 0 0 0 0 0 0 0 ] 
	 [ 0 0 0 0 0 0 0 0 0 0 0 0 0 ] 
	 [ 0 0 0 0 0 0 0 0 0 0 0 0 0 ] 
	 [ 7 34 12 FE 0 0 0 0 0 0 0 0 4B ] 
	 [ 7 0 0 0 0 0 0 0 0 0 0 0 7 ] 
	 [ 0 0 0 0 0 0 0 0 0 0 0 0 0 ] 
	 [ 0 0 0 0 0 0 0 0 0 0 0 0 0 ] 
	 [ 7 0 0 0 0 0 0 0 0 0 0 0 7 ] 
	 [ 0 0 0 0 0 0 0 0 0 0 0 0 0 ] 
	 [ 7 34 12 FE 0 0 0 0 0 0 0 0 4B ] 
	 [ 0 0 0 0 0 0 0 0 0 0 0 0 0 ] 
	 [ 7 34 12 FE 0 0 0 0 0 7F 0 20 43 ] 
	 [ 7 34 12 FE 0 0 0 0 0 0 0 0 4B ] 
	 [ 0 0 0 0 0 0 0 0 0 0 0 0 0 ] 
	 [ 7 0 0 0 0 0 0 0 C5 7F 0 20 43 ] 
	 [ 7 0 0 0 0 0 0 0 0 0 0 0 7 ] 
	 [ 0 0 0 0 0 0 0 0 0 0 0 0 0 ] 
	 [ 0 0 0 0 0 0 0 0 0 0 0 0 0 ] 
	 [ 0 0 0 0 0 0 0 0 0 0 0 0 0 ] 
	 [ 7 34 12 FE 0 0 0 0 0 0 0 0 4B ] 
	 [ 7 34 12 FE 0 0 0 0 0 0 0 0 4B ] 
	 [ 0 0 0 0 0 0 0 0 0 0 0 0 0 ] 
	 [ 0 0 0 20 43 22 ] 
	 [ 7 0 0 0 0 0 0 0 0 0 0 0 7 ] 
	 [ 0 0 0 0 0 0 0 0 0 0 0 0 0 ] 
	 [ 0 0 0 0 0 0 0 0 0 0 0 0 0 ] 
	 [ 7 34 12 FE 0 0 0 0 0 0 0 0 4B ] 
	 [ 0 0 0 0 0 0 0 0 0 0 0 20 43 ] 
	 [ 0 0 0 0 0 0 0 0 0 0 0 0 0 ] 
	 [ 7 34 12 FE 0 0 0 0 C5 7F 0 20 43 ] 
	 [ 7 0 0 0 0 0 0 0 0 0 0 0 7 ] 
	 [ 0 0 0 0 0 0 0 0 0 0 0 0 0 ] 
	 [ 0 0 0 0 0 0 0 0 0 0 0 0 0 ] 
	 [ 0 0 0 0 0 0 0 0 0 0 0 0 0 ] 
	 [ 7 34 12 FE 0 0 0 0 0 0 0 0 4B ] 
	 [ ] 
	 [ 7 34 12 FE 0 0 0 0 0 0 0 0 4B ] 
	 [ 0 0 0 0 0 0 0 0 0 0 0 0 0 ] 
	 [ 0 0 0 0 0 0 0 0 0 0 0 0 0 ] 
	 [ 0 0 0 0 0 0 0 0 0 0 0 0 0 ] 
	 [ 7 0 0 0 0 0 0 0 0 0 0 0 7 ] 
	 [ 7 0 0 0 0 0 0 0 0 0 0 0 7 ] 
	 [ 0 0 0 0 0 0 0 0 0 0 0 0 0 ] 
	 [ 7 34 12 FE 0 0 0 0 0 0 0 0 4B ] 
	 [ 0 0 0 0 0 0 0 0 0 0 0 0 0 ] 
	 [ 7 34 12 FE 0 0 0 0 0 0 0 0 4B ] 
	 [ 0 0 0 0 0 0 0 0 0 0 0 0 0 ] 
	 [ 7 34 12 FE 0 0 0 0 0 0 0 0 4B ] 
	 [ 0 0 0 0 0 0 0 0 0 0 0 0 0 ] 
	 [ 7 0 0 0 0 0 0 0 0 0 0 0 7 ] 
	 [ 7 0 0 0 0 0 0 0 0 0 0 0 7 ] 
	 [ 0 0 0 0 0 0 0 0 0 0 0 0 0 ] 
	 [ 0 0 0 0 E 0 0 0 C5 7F 0 20 43 ] 
	 [ 7 34 12 FE 0 0 0 0 0 0 0 0 4B ] 
	 [ 0 0 0 0 0 0 0 0 0 0 0 0 0 ] 
	 [ 0 0 0 0 0 0 0 0 0 0 0 0 0 ] 
	 [ 0 0 0 0 0 0 0 0 0 0 0 0 0 ] 
	 [ 7 0 0 0 0 0 0 0 0 0 0 0 7 ] 
	 [ 7 0 0 0 0 0 0 0 0 0 0 0 7 ] 
	 [ 0 0 0 0 0 0 0 0 0 0 0 0 0 ] 
	 [ C1 ] 
	 [ 0 0 0 0 0 0 0 0 0 0 0 0 0 ] 
	 [ ] 
	 [ 0 E 1 1 0 0 0 0 0 0 0 0 0 ] 
	 [ ] 
	 [ 0 0 0 0 0 0 0 0 C5 7F 0 20 43 ] 
	 [ 0 0 0 0 0 0 0 0 0 0 0 0 0 ] 
	 [ 0 0 0 0 0 0 0 0 0 0 0 0 0 ] 
	 [ 7 0 0 0 0 0 0 0 0 0 0 0 7 ] 
	 [ 0 0 0 0 E 0 0 0 C5 7F 0 20 43 ] 
	 [ 0 0 0 0 0 0 0 0 0 0 0 0 0 ] 
	 [ 7 34 12 FE 0 0 0 0 0 0 0 0 0 ] 
	 [ 7 34 12 FE 0 0 0 0 0 0 0 0 4B ] 
	 [ 7 0 0 0 0 0 0 0 0 0 0 0 7 ] 
	 [ 0 0 0 0 0 0 0 0 0 0 0 0 0 ] 
	 [ 0 0 0 0 E 0 0 0 C5 7F 0 20 43 ] 
	 [ 7 0 0 0 0 0 0 0 0 0 0 0 7 ] 
	 [ 0 0 0 0 0 0 0 0 0 0 0 0 0 ] 
	 [ 7 34 12 FE 0 0 0 0 0 0 0 0 4B ] 
	 [ 0 0 0 0 0 0 0 0 0 0 0 0 0 ] 
	 [ 7 34 12 FE 0 0 0 0 0 0 0 0 4B ] 
	 [ 0 0 0 0 0 0 0 0 0 0 0 0 0 ] 
	 [ 7 34 12 FE 0 0 0 0 0 0 0 0 4B ] 
	 [ 0 0 0 0 0 0 0 0 0 0 0 0 43 ] 
	 [ 0 0 0 0 0 0 0 0 0 0 0 0 0 ] 
	 [ 0 0 0 0 E 0 0 0 C5 7F 0 20 43 ] 
	 [ 7 0 0 0 0 0 0 0 0 0 0 0 7 ] 
	 [ 0 0 0 0 0 0 0 0 0 0 0 0 0 ] 
	 [ 0 0 0 0 0 0 0 0 0 0 0 0 0 ] 
	 [ 0 0 0 0 0 0 0 0 0 0 0 0 0 ] 
	 [ 7 34 12 FE 0 0 0 0 0 0 0 0 4B ] 
	 [ 0 0 0 0 0 0 0 0 0 0 0 0 43 ] 
	 [ 0 0 0 0 0 0 0 0 0 0 0 0 0 ] 
	 [ 7 0 0 0 0 0 0 0 0 0 0 0 7 ] 
	 [ 7 0 0 0 0 0 0 0 0 0 0 0 7 ] 
	 [ 0 0 0 0 0 0 0 0 0 0 0 0 0 ] 
	 [ 0 0 0 0 0 0 0 0 0 0 0 0 0 ] 
	 [ 7 34 12 FE 0 0 0 0 0 0 0 0 4B ] 
	 [ 0 0 0 0 0 0 0 0 0 0 0 0 43 ] 
	 [ 0 0 0 0 0 0 0 0 0 0 0 0 0 ] 
	 [ 0 0 0 0 E 0 0 0 C5 7F 0 20 43 ] 
	 [ 7 0 0 0 0 0 0 0 0 0 0 0 7 ] 
	 [ 0 0 0 0 0 0 0 0 0 0 0 0 0 ] 
	 [ 0 0 0 0 0 0 0 0 0 0 0 0 0 ] 
	 [ ] 
	 [ 0 0 0 0 0 0 0 0 0 7F 0 20 43 ] 
	 [ 0 0 0 0 0 0 0 0 0 0 0 0 0 ] 
	 [ 0 E 1 1 0 0 0 0 0 0 0 0 0 ] 
	 [ 7 0 0 0 0 0 0 0 0 0 0 0 7 ] 
	 [ 7 0 0 0 0 0 0 0 0 0 0 0 7 ] 
	 [ 0 0 0 0 0 0 0 0 0 0 0 0 0 ] 
	 [ 0 0 0 0 0 0 0 0 0 0 0 0 0 ] 
	 [ 7 34 12 FE 0 0 0 0 0 0 0 0 4B ] 
	 [ 0 0 0 0 0 0 0 0 0 0 0 0 43 ] 
	 [ 0 0 0 0 0 0 0 0 0 0 0 0 0 ] 
	 [ 4B 0 0 E 0 0 0 0 0 0 0 0 0 ] 
	 [ 7 0 0 0 0 0 0 0 0 0 0 0 7 ] 
	 [ 0 0 0 0 0 0 0 0 0 0 0 0 0 ] 
	 [ 7 0 0 0 0 0 0 0 0 0 0 0 7 ] 
	 [ 0 0 0 0 0 0 0 0 0 0 0 0 0 ] 
	 [ 7 0 0 0 0 0 0 0 0 0 0 0 7 ] 
	 [ 0 0 0 0 0 0 0 0 0 0 0 0 0 ] 
	 [ 0 0 0 0 0 0 0 0 0 7F 0 20 43 ] 
	 [ 0 0 0 0 0 0 0 0 0 0 0 0 0 ] 
	 [ 7 34 12 FE 0 0 0 0 0 0 0 0 4B ] 
	 [ 7 0 0 0 0 0 0 0 0 0 0 0 7 ] 
	 [ 0 0 0 0 0 0 0 0 0 0 0 0 0 ] 
	 [ 0 0 0 0 0 0 0 0 0 0 0 0 0 ] 
	 [ 7 0 0 0 0 0 0 0 0 0 0 0 7 ] 
	 [ 0 0 0 0 0 0 0 0 0 0 0 0 43 ] 
	 [ 0 0 0 0 0 0 0 0 0 0 0 0 0 ] 
	 [ 0 E 1 1 0 0 0 0 0 0 0 0 0 ] 
	 [ 7 34 12 FE 0 0 0 0 0 0 0 0 4B ] 
	 [ 7 0 0 0 0 0 0 0 0 0 0 0 7 ] 
	 [ 0 0 0 0 0 0 0 0 0 0 0 0 0 ] 
	 [ 0 0 0 20 43 22 ] 
	 [ 7 0 0 0 0 0 0 0 0 0 0 0 7 ] 
	 [ 0 0 0 0 0 0 0 0 0 0 0 0 0 ] 
	 [ 7 34 12 FE 0 0 0 0 0 0 0 0 0 ] 
	 [ 7 34 12 FE 0 0 0 0 0 0 0 0 4B ] 
	 [ 7 34 12 FE 0 0 0 0 0 0 0 0 4B ] 
	 [ 0 0 0 0 0 0 0 0 0 0 0 0 0 ] 
	 [ 0 0 0 0 0 0 0 0 0 0 0 0 0 ] 
	 [ 7 0 0 0 0 0 0 0 0 0 0 0 7 ] 
	 [ 0 0 0 0 0 0 0 0 0 0 0 0 43 ] 
	 [ 0 0 0 0 0 0 0 0 0 0 0 0 0 ] 
	 [ 0 E 1 1 0 0 0 0 0 0 0 0 0 ] 
	 [ 7 34 12 FE 0 0 0 0 0 0 0 0 4B ] 
	 [ 7 34 12 FE 0 0 0 0 0 0 0 0 4B ] 
	 [ 0 0 0 0 0 0 0 0 0 0 0 0 0 ] 
	 [ 7 0 0 0 0 0 0 0 0 0 0 0 7 ] 
	 [ 0 0 0 0 0 0 0 0 0 0 0 0 0 ] 
	 [ 0 0 0 0 0 0 0 0 0 0 0 0 0 ] 
	 [ 7 0 0 0 0 0 0 0 0 0 0 0 7 ] 
	 [ 0 0 0 0 0 0 0 0 0 0 0 0 0 ] 
	 [ 0 0 0 0 0 0 0 0 0 0 0 0 0 ] 
	 [ 0 0 0 0 0 0 0 0 0 0 0 0 0 ] 
	 [ 7 34 12 FE 0 0 0 0 0 0 0 0 4B ] 
	 [ ] 
	 [ 7 0 0 0 0 0 0 0 0 0 0 0 7 ] 
	 [ 0 0 0 0 0 0 0 0 0 0 0 0 0 ] 
	 [ 7 0 0 0 0 0 0 0 0 0 0 0 7 ] 
	 [ 7 0 0 0 0 0 0 0 C5 7F 0 20 43 ] 
	 [ 0 0 0 0 0 0 0 0 0 0 0 0 0 ] 
	 [ 0 0 0 0 0 0 0 0 0 0 0 0 0 ] 
	 [ 7 34 12 FE 0 0 0 0 0 0 0 0 4B ] 
	 [ 7 34 12 FE 0 0 0 0 0 0 0 0 4B ] 
	 [ 0 0 0 0 0 0 0 0 0 0 0 0 0 ] 
	 [ 0 0 0 0 0 0 0 0 0 0 0 0 0 ] 
	 [ 7 0 0 0 0 0 0 0 0 0 0 0 7 ] 
	 [ 0 0 0 0 0 0 0 0 0 0 0 0 0 ] 
	 [ 7 0 0 0 0 0 0 0 0 0 0 0 7 ] 
	 [ 0 0 0 0 0 0 0 0 0 0 0 0 0 ] 
	 [ 0 0 0 0 0 0 0 0 0 0 0 0 0 ] 
	 [ 7 34 12 FE 0 0 0 0 0 0 0 0 4B ] 
	 [ 0 0 0 0 0 0 0 0 C5 7F 0 20 43 ] 
	 [ 0 0 0 0 0 0 0 0 0 0 0 0 0 ] 
	 [ 0 0 0 0 0 0 0 0 0 0 0 0 0 ] 
	 [ 7 0 0 0 0 0 0 0 0 0 0 0 7 ] 
	 [ 0 0 0 0 0 0 0 0 0 0 0 20 43 ] 
	 [ 0 0 0 0 0 0 0 0 0 0 0 0 0 ] 
	 [ 7 34 12 FE 0 0 0 0 0 0 0 0 4B ] 
	 [ 7 34 12 FE 0 0 0 0 0 0 0 0 4B ] 
	 [ 0 0 0 0 0 0 0 0 0 0 0 0 0 ] 
	 [ 0 0 0 0 0 0 0 0 0 0 0 0 0 ] 
	 [ 7 0 0 0 0 0 0 0 0 0 0 0 7 ] 
	 [ 7 0 0 0 0 0 0 0 0 0 0 0 7 ] 
	 [ 0 0 0 0 0 0 0 0 0 0 0 0 0 ] 
	 [ 0 0 0 0 0 0 0 0 0 0 0 0 0 ] 
	 [ 7 34 12 FE 0 0 0 0 0 0 0 0 4B ] 
	 [ 7 34 12 FE 0 0 0 0 0 0 0 0 4B ] 
	 [ 0 0 0 0 0 0 0 0 0 0 0 0 0 ] 
	 [ 7 34 12 FE 0 0 0 0 4B 0 0 0 43 ] 
	 [ 7 0 0 0 0 0 0 0 0 0 0 0 7 ] 
	 [ ] 
	 [ 7 0 0 0 0 0 0 0 0 0 0 0 7 ] 
	 [ 0 0 0 0 0 0 0 0 0 0 0 0 0 ] 
	 [ 7 0 0 0 0 0 0 0 0 0 0 0 7 ] 
	 [ 7 34 12 FE 0 0 0 0 0 0 0 0 4B ] 
	 [ 0 0 0 0 0 0 0 0 0 0 0 0 0 ] 
	 [ 0 0 0 0 0 0 0 0 0 0 0 0 0 ] 
	 [ 7 34 12 FE 0 0 0 0 0 0 0 0 4B ] 
	 [ 7 0 0 0 0 0 0 0 0 0 0 0 7 ] 
	 [ 0 0 0 0 0 0 0 0 0 0 0 0 0 ] 
	 [ 0 0 0 0 0 0 0 0 0 0 0 0 0 ] 
	 [ 7 0 0 0 0 0 0 0 0 0 0 0 7 ] 
	 [ 7 34 12 FE 0 0 0 0 0 0 0 0 4B ] 
	 [ 0 0 0 0 0 0 0 0 0 0 0 0 0 ] 
	 [ C1 ] 
	 [ 0 0 0 0 0 0 0 0 0 0 0 0 0 ] 
	 [ 7 34 12 FE 0 0 0 0 0 0 0 0 4B ] 
	 [ 0 0 0 0 0 0 0 0 0 0 0 0 0 ] 
	 [ 0 0 0 0 0 0 0 0 0 0 0 0 0 ] 
	 [ ] 
	 [ 0 0 0 0 0 0 0 0 C5 7F 0 20 43 ] 
	 [ 0 0 0 0 0 0 0 0 0 0 0 0 0 ] 
	 [ 0 0 0 0 0 0 0 0 0 0 0 0 0 ] 
	 [ 7 34 12 FE 0 0 0 0 0 0 0 0 4B ] 
	 [ 7 34 12 FE 0 0 0 0 0 0 0 0 4B ] 
	 [ 0 0 0 0 0 0 0 0 0 0 0 0 0 ] 
	 [ 0 0 0 0 0 0 0 0 0 0 0 0 0 ] 
	 [ 7 0 0 0 0 0 0 0 0 0 0 0 7 ] 
	 [ 7 0 0 0 0 0 0 0 0 0 0 0 7 ] 
	 [ 0 0 0 0 0 0 0 0 0 0 0 0 0 ] 
	 [ 0 0 0 0 E 0 0 0 C5 7F 0 20 43 ] 
	 [ 7 34 12 FE 0 0 0 0 0 0 0 0 4B ] 
	 [ 7 34 12 FE 0 0 0 0 0 0 0 0 4B ] 
	 [ 0 0 0 0 0 0 0 0 0 0 0 0 0 ] 
	 [ 7 34 12 FE 0 0 0 0 0 0 0 0 4B ] 
	 [ 0 0 0 0 0 0 0 0 0 0 0 0 0 ] 
	 [ 7 0 0 0 0 0 0 0 0 0 0 0 7 ] 
	 [ 0 0 0 0 0 0 0 0 0 0 0 0 0 ] 
	 [ 0 0 0 0 0 0 0 0 0 0 0 0 0 ] 
	 [ 0 0 0 0 0 0 0 0 0 0 0 0 0 ] 
	 [ 7 34 12 FE 0 0 0 0 0 0 0 0 4B ] 
	 [ 7 34 12 FE 0 0 0 0 0 0 0 0 4B ] 
	 [ 0 0 0 0 E 0 0 0 C5 7F 0 20 43 ] 
	 [ 7 34 12 FE 0 0 0 0 0 0 0 0 4B ] 
	 [ 7 34 12 FE 0 0 0 0 0 0 0 0 4B ] 
	 [ 0 0 0 0 0 0 0 0 0 0 0 0 0 ] 
	 [ ] 
	 [ 0 0 0 0 0 0 0 0 0 0 0 0 0 ] 
	 [ 7 0 0 0 0 0 0 0 0 0 0 0 7 ] 
	 [ 0 0 0 0 0 0 0 0 0 0 0 0 0 ] 
	 [ 7 0 0 0 0 0 0 0 C5 7F 0 20 43 ] 
	 [ 7 34 12 FE 0 0 0 0 0 0 4B 0 0 ] 
	 [ 7 34 12 FE 0 0 0 0 0 0 0 0 4B ] 
	 [ 0 0 0 0 0 0 0 0 0 0 0 20 43 ] 
	 [ 0 0 0 0 0 0 0 0 0 0 0 0 0 ] 
	 [ ] 
	 [ 0 0 0 0 0 0 0 0 C5 7F 0 20 43 ] 
	 [ ] 
	 [ 7 0 0 0 0 0 0 0 0 0 0 0 43 ] 
	 [ 7 34 12 FE 0 0 0 0 0 0 0 0 4B ] 
	 [ 7 34 12 FE 0 0 0 0 0 0 0 0 4B ] 
	 [ 0 0 0 0 0 0 0 0 0 0 0 0 43 ] 
	 [ 0 0 0 0 0 0 0 0 0 0 0 0 0 ] 
	 [ 7 0 0 0 0 0 0 0 0 0 0 0 7 ] 
	 [ 7 0 0 0 0 0 0 0 0 0 0 0 7 ] 
	 [ 0 0 0 0 0 0 0 0 0 0 0 0 0 ] 
	 [ 7 0 0 0 0 0 0 0 0 0 0 0 7 ] 
	 [ 0 0 0 0 0 0 0 0 0 0 0 0 0 ] 
	 [ 7 34 12 FE 0 0 0 0 0 0 0 0 4B ] 
	 [ 0 0 0 0 0 0 0 0 0 7F 0 20 43 ] 
	 [ 0 0 0 0 0 0 0 0 0 0 0 0 0 ] 
	 [ 7 34 12 FE 0 0 0 0 0 0 0 0 4B ] 
	 [ 0 0 0 0 0 0 0 0 0 0 0 0 0 ] 
	 [ 7 0 0 0 0 0 0 0 0 0 0 0 7 ] 
	 [ 0 0 0 0 0 0 0 0 0 0 0 0 0 ] 
	 [ 7 0 0 0 0 0 0 0 0 0 0 0 7 ] 
	 [ 0 0 0 0 0 0 0 0 0 0 0 0 0 ] 
	 [ 7 0 0 0 0 0 0 0 C5 7F 0 20 43 ] 
	 [ 7 34 12 FE 0 0 0 0 0 0 0 0 4B ] 
	 [ 7 34 12 FE 0 0 0 0 0 0 0 0 4B ] 
	 [ 0 0 0 0 0 0 0 0 0 0 0 0 0 ] 
	 [ 0 0 0 0 0 0 0 0 0 0 0 0 0 ] 
	 [ 7 0 0 0 0 0 0 0 0 0 0 0 7 ] 
	 [ 7 0 0 0 0 0 0 0 0 0 0 0 7 ] 
	 [ 0 0 0 0 0 0 0 0 0 0 0 0 0 ] 
	 [ 7 0 0 0 0 0 0 0 0 7F 0 20 43 ] 
	 [ 7 34 12 FE 0 0 0 0 0 0 0 0 4B ] 
	 [ 0 0 0 0 0 0 0 0 0 0 0 0 0 ] 
	 [ 0 0 0 0 0 0 0 0 0 0 0 0 0 ] 
	 [ 7 34 12 FE 0 0 0 0 0 0 0 0 4B ] 
	 [ 7 0 0 0 0 0 0 0 0 0 0 0 7 ] 
	 [ 0 0 0 0 0 0 0 0 0 0 0 0 0 ] 
	 [ 0 0 0 0 0 0 0 0 0 0 0 0 0 ] 
	 [ 7 0 0 0 0 0 0 0 0 0 0 0 7 ] 
	 [ 0 0 0 0 0 0 0 0 C5 7F 0 20 43 ] 
	 [ 0 0 0 0 0 0 0 0 0 0 0 0 0 ] 
	 [ 0 0 0 0 0 0 0 0 0 0 0 0 0 ] 
	 [ 7 34 12 FE 0 0 0 0 0 0 0 0 4B ] 
	 [ ] 
	 [ 7 0 0 0 0 0 0 0 0 0 0 0 0 ] 
	 [ C1 ] 
	 [ 0 0 0 0 0 0 0 0 0 0 0 0 0 ] 
	 [ 7 0 0 0 0 0 0 0 0 0 0 0 7 ] 
	 [ 0 0 0 0 0 0 0 0 0 0 0 0 0 ] 
	 [ 7 34 12 FE 0 0 0 0 C5 7F 0 20 43 ] 
	 [ 7 34 12 FE 0 0 0 0 0 0 0 0 4B ] 
	 [ 7 34 12 FE 0 0 0 0 0 0 0 0 4B ] 
	 [ 0 0 0 0 0 0 0 0 0 0 0 0 0 ] 
	 [ 0 0 0 0 0 0 0 0 0 0 0 0 0 ] 
	 [ 7 0 0 0 0 0 0 0 0 0 0 0 7 ] 
	 [ 7 0 0 0 0 0 0 0 0 0 0 0 7 ] 
	 [ 0 0 0 0 0 0 0 0 0 0 0 0 0 ] 
	 [ 7 34 12 0 0 0 0 0 C5 7F 0 20 43 ] 
	 [ 7 34 12 FE 0 0 0 0 0 0 0 0 4B ] 
	 [ 0 0 4B 0 0 0 0 0 C5 7F 0 20 43 ] 
	 [ 7 0 0 0 0 0 0 0 0 0 0 0 43 ] 
	 [ 0 0 0 0 0 0 0 0 0 0 0 0 0 ] 
	 [ 7 0 0 0 0 0 0 0 0 0 0 0 7 ] 
	 [ 7 34 12 FE 0 0 0 0 0 0 0 0 4B ] 
	 [ 0 0 0 0 0 0 0 0 0 0 0 0 0 ] 
	 [ 7 34 12 FE 0 0 0 0 C5 7F 0 20 43 ] 
	 [ ] 
	 [ 0 0 0 0 0 0 0 0 C5 7F 0 20 43 ] 
	 [ ] 
	 [ 7 0 0 0 0 0 0 0 0 0 0 0 0 ] 
	 [ 0 0 0 0 0 0 0 0 0 0 0 0 0 ] 
	 [ 7 34 12 FE 0 0 0 0 0 0 0 0 4B ] 
	 [ 0 0 0 0 0 0 0 0 C5 7F 0 20 43 ] 
	 [ 0 0 0 0 0 0 0 0 0 0 0 0 0 ] 
	 [ 7 34 12 FE 0 0 0 0 C5 7F 0 20 43 ] 
	 [ 7 0 0 0 0 0 0 0 0 0 0 0 7 ] 
	 [ 0 0 0 0 0 0 0 0 0 0 0 0 43 ] 
	 [ 0 0 0 0 0 0 0 0 0 0 0 0 0 ] 
	 [ 0 0 0 0 0 0 0 0 0 0 0 0 0 ] 
	 [ 7 34 12 FE 0 0 0 0 0 0 0 0 4B ] 
	 [ 0 0 0 0 0 0 0 0 0 0 0 0 0 ] 
	 [ 0 0 0 0 0 0 0 0 0 0 0 20 43 ] 
	 [ 0 0 0 0 0 0 0 0 0 0 0 0 0 ] 
	 [ 7 0 0 0 0 0 0 0 0 0 0 0 0 ] 
	 [ 7 0 0 0 0 0 0 0 0 0 0 0 7 ] 
	 [ 0 0 0 0 0 0 0 0 C5 7F 0 20 43 ] 
	 [ 0 0 0 0 0 0 0 0 0 0 0 0 0 ] 
	 [ 7 34 12 FE 0 0 0 0 C5 7F 0 20 43 ] 
	 [ 7 34 12 FE 0 0 0 0 0 0 0 0 4B ] 
	 [ 0 0 0 0 0 0 0 0 0 0 0 0 43 ] 
	 [ 0 0 0 0 0 0 0 0 0 0 0 0 0 ] 
	 [ 0 0 0 0 0 0 0 0 0 0 0 0 0 ] 
	 [ 0 0 1 1 1 1 1 1 1 1 1 1 1 1 1 0 0 0 0 2 7 1 1 1 1 1 1 1 1 1 1 2 0 0 0 E 1 1 1 0 0 0 0 0 0 0 0 0 0 0 0 0 0 5 7 34 12 FE 1 1 1 1 1 1 1 2 0 0 4B 0 0 0 C2 7F ] 
	 [ 7 0 0 0 0 0 0 0 0 0 0 0 7 ] 
	 [ 0 0 0 0 0 0 0 0 0 0 0 0 0 ] 
	 [ 7 34 12 FE 0 0 0 0 0 0 0 0 4B ] 
	 [ 0 0 0 0 0 0 0 0 0 0 0 20 43 ] 
	 [ 0 0 0 0 0 0 0 0 0 0 0 0 0 ] 
	 [ 7 34 12 FE 0 0 0 0 C5 7F 0 20 43 ] 
	 [ 7 0 0 0 0 0 0 0 0 0 0 0 7 ] 
	 [ 0 0 0 0 0 0 0 0 0 0 0 0 43 ] 
	 [ 0 0 0 0 0 0 0 0 0 0 0 0 0 ] 
	 [ 7 0 0 0 0 0 0 0 0 0 0 0 7 ] 
	 [ 6 0 0 0 0 0 0 0 0 0 0 0 6 ] 
	 [ 6 0 0 0 0 0 0 0 0 0 0 0 6 ] 
	 [ 0 0 0 0 0 0 0 0 C5 7F 0 20 43 ] 
	 [ 7 34 12 FE 0 0 0 0 0 7F 0 20 43 ] 
	 [ 7 34 12 FE 0 0 0 0 0 0 0 0 4B ] 
	 [ 7 0 0 0 0 0 0 0 0 0 0 0 7 ] 
	 [ 0 0 0 0 0 0 0 0 0 0 0 0 0 ] 
	 [ 7 0 0 0 0 0 0 0 0 0 0 20 43 ] 
	 [ ] 
	 [ 0 0 0 0 0 0 0 0 0 0 0 0 0 ] 
	 [ 7 34 12 FE 0 0 0 0 0 0 0 0 4B ] 
	 [ ] 
	 [ 7 34 12 FE 0 0 0 0 0 0 0 0 4B ] 
	 [ 0 0 0 0 0 0 0 0 0 0 0 0 0 ] 
	 [ 7 34 12 FE 0 0 0 0 0 0 0 20 43 ] 
	 [ 7 0 0 0 0 0 0 0 0 0 0 0 7 ] 
	 [ 7 0 0 0 0 0 0 0 0 0 0 0 7 ] 
	 [ 0 0 0 0 0 0 0 0 0 0 0 0 0 ] 
	 [ 7 0 0 0 0 0 0 0 C5 7F 0 20 43 ] 
	 [ 7 34 12 FE 0 0 0 0 0 0 0 0 4B ] 
	 [ 0 0 0 0 0 0 0 0 0 7F 0 20 43 ] 
	 [ 0 0 0 0 0 0 0 0 0 0 0 0 0 ] 
	 [ 0 0 0 0 0 0 0 0 0 0 0 0 0 ] 
	 [ 7 0 0 0 0 0 0 0 0 0 0 0 7 ] 
	 [ 0 0 0 0 0 0 0 0 0 0 0 0 0 ] 
	 [ 7 0 0 0 0 0 0 0 0 0 0 0 7 ] 
	 [ 0 0 0 0 E 0 0 0 C5 7F 0 20 43 ] 
	 [ 0 0 0 0 0 0 0 0 0 0 0 0 0 ] 
	 [ 0 0 0 0 0 0 0 0 0 0 0 0 0 ] 
	 [ 7 34 12 FE 0 0 0 0 0 0 0 0 4B ] 
	 [ 0 0 0 0 0 0 0 0 0 0 0 20 43 ] 
	 [ 0 0 0 0 0 0 0 0 0 0 0 0 0 ] 
	 [ 0 0 0 0 0 0 0 0 0 0 0 0 0 ] 
	 [ 7 0 0 0 0 0 0 0 0 0 0 0 7 ] 
	 [ 0 0 0 0 0 0 0 0 C5 7F 0 20 43 ] 
	 [ 0 0 0 0 0 0 0 0 0 0 0 0 0 ] 
	 [ 7 34 12 FE 0 0 0 0 0 7F 0 20 43 ] 
	 [ ] 
	 [ 0 0 0 0 0 0 0 0 C5 7F 0 20 43 ] 
	 [ ] 
	 [ 7 0 0 0 0 0 0 0 0 0 0 0 0 ] 
	 [ 0 0 0 0 E 0 0 0 C5 7F 0 20 43 ] 
	 [ 7 0 0 0 0 0 0 0 0 0 0 0 7 ] 
	 [ 7 34 12 FE 0 0 0 0 0 0 0 0 4B ] 
	 [ 0 0 0 0 0 0 0 0 0 0 0 0 0 ] 
	 [ 7 34 12 FE 0 0 0 0 0 0 0 20 43 ] 
	 [ 7 34 12 FE 0 0 0 0 0 0 0 0 4B ] 
	 [ 7 0 0 0 0 0 0 0 0 0 0 0 7 ] 
	 [ 0 0 0 0 0 0 0 0 0 0 0 0 0 ] 
	 [ 7 0 0 0 0 0 0 0 0 0 0 7 0 ] 
	 [ 0 0 0 0 0 0 0 0 0 7F 0 20 43 ] 
	 [ 0 0 0 0 0 0 0 0 0 0 0 0 0 ] 
	 [ 7 34 12 FE 0 0 0 0 0 0 0 0 4B ] 
	 [ 0 0 0 0 0 0 0 0 0 0 0 0 0 ] 
	 [ 7 34 12 FE 0 0 0 0 0 0 0 0 4B ] 
	 [ 0 0 0 0 0 0 0 0 0 0 0 0 0 ] 
	 [ 7 34 12 FE 0 0 0 0 0 0 0 0 4B ] 
	 [ 0 0 0 0 0 0 0 0 0 0 0 0 43 ] 
	 [ 0 0 0 0 0 0 0 0 0 0 0 0 0 ] 
	 [ 0 0 0 20 43 22 ] 
	 [ 7 0 0 0 0 0 0 0 0 0 0 0 7 ] 
	 [ 0 0 0 0 0 0 0 0 0 0 0 0 0 ] 
	 [ 7 34 12 FE 0 0 0 0 C5 7F 0 20 43 ] 
	 [ 7 34 12 FE 0 0 0 0 0 0 0 0 4B ] 
	 [ 7 34 12 FE 0 0 0 0 0 0 0 0 4B ] 
	 [ 0 0 0 0 0 0 0 0 0 0 0 0 0 ] 
	 [ 7 0 0 0 0 0 0 0 0 7F 0 20 43 ] 
	 [ 7 0 0 0 0 0 0 0 0 0 0 0 7 ] 
	 [ 7 0 0 0 0 0 0 0 0 0 0 0 7 ] 
	 [ 0 0 0 0 0 0 0 0 0 0 0 0 0 ] 
	 [ 0 0 0 0 0 0 0 0 0 0 0 0 0 ] 
	 [ 7 34 12 FE 0 0 0 0 0 0 0 0 4B ] 
	 [ 0 0 0 0 0 0 0 0 0 0 0 0 0 ] 
	 [ 0 0 0 0 0 0 0 0 0 0 0 0 0 ] 
	 [ 7 0 0 0 0 0 0 0 0 0 0 0 7 ] 
	 [ 0 0 0 0 0 0 0 0 0 0 0 0 0 ] 
	 [ 0 0 0 0 0 0 0 0 0 0 0 0 0 ] 
	 [ 7 0 0 0 0 0 0 0 0 0 0 0 7 ] 
	 [ 0 0 0 0 0 0 0 0 0 7F 0 20 43 ] 
	 [ 0 0 0 0 0 0 0 0 0 0 0 0 0 ] 
	 [ 7 34 12 FE 0 0 0 0 0 0 0 0 4B ] 
	 [ 0 0 0 0 0 0 0 0 0 7F 0 20 43 ] 
	 [ 0 0 0 0 0 0 0 0 0 0 0 0 0 ] 
	 [ 0 0 0 0 0 0 0 0 0 0 0 0 0 ] 
	 [ 7 34 12 FE 0 0 0 0 0 0 0 0 4B ] 
	 [ 7 0 0 0 0 0 0 0 0 0 0 0 7 ] 
	 [ 0 0 0 0 0 0 0 0 0 0 0 0 0 ] 
	 [ 7 34 12 FE 0 0 0 0 0 0 0 0 0 ] 
	 [ 7 0 0 0 0 0 0 0 0 0 0 0 7 ] 
	 [ 7 34 12 FE 0 0 0 0 0 0 0 0 4B ] 
	 [ 0 0 0 0 0 0 0 0 0 0 0 0 0 ] 
	 [ 0 0 0 0 0 0 0 0 0 0 0 0 0 ] 
	 [ 7 34 12 FE 0 0 0 0 0 0 0 0 4B ] 
	 [ 0 0 0 0 0 0 0 0 0 0 0 0 0 ] 
	 [ 0 0 0 0 0 0 0 0 0 0 0 0 0 ] 
	 [ 7 34 12 FE 0 0 0 0 0 0 0 0 4B ] 
	 [ 0 0 0 0 0 0 0 0 0 7F 0 20 43 ] 
	 [ 0 0 0 0 0 0 0 0 0 0 0 0 0 ] 
	 [ 0 0 0 0 0 0 0 0 0 0 0 0 0 ] 
	 [ 7 0 0 0 0 0 0 0 0 0 0 0 7 ] 
	 [ 7 34 12 FE 0 0 0 0 0 0 0 0 4B ] 
	 [ 0 0 0 0 0 0 0 0 0 0 0 0 0 ] 
	 [ 7 0 0 0 0 0 0 0 0 0 0 0 0 ] 
	 [ 7 34 12 FE 0 0 0 0 0 0 0 0 4B ] 
	 [ 7 0 0 0 0 0 0 0 0 0 0 0 7 ] 
	 [ 0 0 0 0 0 0 0 0 0 0 0 0 0 ] 
	 [ ] 
	 [ 0 0 0 0 0 0 0 0 0 0 0 0 43 ] 
	 [ 0 0 0 0 0 0 0 0 0 0 0 0 0 ] 
	 [ 0 0 0 0 0 0 0 0 0 0 0 0 0 ] 
	 [ 7 0 0 0 0 0 0 0 0 0 0 0 7 ] 
	 [ 0 0 0 0 0 0 0 0 0 7F 0 20 43 ] 
	 [ 0 0 0 0 0 0 0 0 0 0 0 0 0 ] 
	 [ 0 0 0 0 0 0 0 0 0 0 0 0 0 ] 
	 [ 7 34 12 FE 0 0 0 0 0 0 0 0 4B ] 
	 [ 7 0 0 0 0 0 0 0 0 0 0 0 7 ] 
	 [ 0 0 0 0 0 0 0 0 0 0 0 0 0 ] 
	 [ 7 34 12 FE 0 0 0 0 0 0 0 0 0 ] 
	 [ 7 0 0 0 0 0 0 0 0 0 0 0 7 ] 
	 [ 7 34 12 FE 0 0 0 0 0 0 0 0 4B ] 
	 [ 0 0 0 0 0 0 0 0 0 0 0 0 0 ] 
	 [ 7 0 0 0 0 0 0 0 0 0 0 0 7 ] 
	 [ 0 0 0 0 0 0 0 0 0 0 0 0 0 ] 
	 [ 7 34 12 FE 0 0 0 0 0 0 0 0 4B ] 
	 [ 0 0 0 0 0 0 0 0 C5 7F 0 20 43 ] 
	 [ 0 0 0 0 0 0 0 0 0 0 0 0 0 ] 
	 [ 7 34 12 FE 0 0 0 0 C5 7F 0 20 43 ] 
	 [ 7 0 0 0 0 0 0 0 0 0 0 0 7 ] 
	 [ 0 0 0 0 0 0 0 0 0 0 0 0 0 ] 
	 [ 7 0 0 0 0 0 0 0 0 0 0 0 7 ] 
	 [ 7 0 0 0 0 0 0 0 0 0 0 0 7 ] 
	 [ 7 34 12 FE 0 0 0 0 0 0 0 0 4B ] 
	 [ 0 0 0 0 0 0 0 0 0 0 0 0 0 ] 
	 [ 7 0 0 0 0 0 0 0 0 0 0 0 0 ] 
	 [ 6 0 0 0 0 0 0 0 0 0 0 0 6 ] 
	 [ 7 0 0 0 0 0 0 0 0 0 0 0 7 ] 
	 [ 0 0 0 0 0 0 0 0 0 0 0 0 0 ] 
	 [ 0 0 0 0 0 0 0 0 0 0 0 0 0 ] 
	 [ 7 34 12 FE 0 0 0 0 0 0 0 0 4B ] 
	 [ 0 0 0 0 0 0 0 0 0 7F 0 20 43 ] 
	 [ 0 0 0 0 0 0 0 0 0 0 0 0 0 ] 
	 [ 7 0 0 0 0 0 0 0 0 0 0 0 7 ] 
	 [ 0 0 0 0 0 0 0 0 0 7F 0 20 43 ] 
	 [ 0 0 0 0 0 0 0 0 0 0 0 0 0 ] 
	 [ 0 0 0 0 0 0 0 0 0 0 0 0 0 ] 
	 [ 7 34 12 FE 0 0 0 0 0 0 0 0 4B ] 
	 [ 7 34 12 FE 0 0 0 0 0 0 0 0 4B ] 
	 [ 0 0 0 0 0 0 0 0 0 0 0 0 0 ] 
	 [ 7 34 12 FE 0 0 0 0 0 0 0 0 0 ] 
	 [ 7 0 0 0 0 0 0 0 0 0 0 0 7 ] 
	 [ ] 
	 [ 7 0 0 0 0 0 0 0 0 0 0 0 0 ] 
	 [ 7 0 0 0 0 0 0 0 0 0 0 0 7 ] 
	 [ 7 34 12 FE 0 0 0 0 0 0 0 0 4B ] 
	 [ 0 0 0 0 0 0 0 0 0 0 0 0 0 ] 
	 [ 7 34 12 FE 0 0 0 0 C5 7F 0 20 43 ] 
	 [ 7 34 12 FE 0 0 0 0 0 0 0 0 4B ] 
	 [ 0 0 0 0 0 0 0 0 0 7F 0 20 43 ] 
	 [ 0 0 0 0 0 0 0 0 0 0 0 0 0 ] 
	 [ 0 0 0 0 0 0 0 0 0 0 0 0 0 ] 
	 [ 7 0 0 0 0 0 0 0 0 0 0 0 7 ] 
	 [ ] 
	 [ 7 34 12 FE 0 0 0 0 0 0 0 0 43 ] 
	 [ 7 34 12 FE 0 0 0 0 0 0 0 0 4B ] 
	 [ 0 0 0 0 0 0 0 0 0 0 0 0 0 ] 
	 [ 7 34 12 FE 0 0 0 0 0 0 0 0 4B ] 
	 [ 0 0 0 0 0 0 0 0 0 0 0 0 0 ] 
	 [ 7 0 0 0 0 0 0 0 0 0 0 0 0 ] 
	 [ ] 
	 [ 7 0 0 0 0 0 0 0 0 7F 0 20 43 ] 
	 [ 0 0 0 0 0 0 0 0 0 0 0 0 0 ] 
	 [ 0 0 0 0 0 0 0 0 0 0 0 0 0 ] 
	 [ 7 34 12 FE 0 0 0 0 0 0 0 0 4B ] 
	 [ 0 0 0 0 0 0 0 0 0 7F 0 20 43 ] 
	 [ 0 0 0 0 0 0 0 0 0 7F 0 20 43 ] 
	 [ 7 0 0 0 0 0 0 0 0 0 0 0 7 ] 
	 [ 7 0 0 0 0 0 0 0 0 0 0 0 7 ] 
	 [ 0 0 0 0 0 0 0 0 0 0 0 0 43 ] 
	 [ 0 0 0 0 0 0 0 0 0 0 0 0 0 ] 
	 [ 0 0 0 0 0 0 0 0 0 0 0 0 0 ] 
	 [ 7 34 12 FE 0 0 0 0 0 0 0 0 4B ] 
	 [ 0 0 0 0 0 0 0 0 0 0 0 0 0 ] 
	 [ 7 34 12 FE 0 0 0 0 0 0 0 0 4B ] 
	 [ 0 0 0 0 0 0 0 0 0 0 0 0 0 ] 
	 [ 7 0 0 0 0 0 0 0 0 0 0 0 7 ] 
	 [ 0 0 0 0 0 0 0 0 0 0 0 0 0 ] 
	 [ 7 0 0 0 0 0 0 0 0 0 0 0 7 ] 
	 [ 0 0 0 0 0 0 0 0 C5 7F 0 20 43 ] 
	 [ 0 0 0 0 0 0 0 0 0 0 0 0 0 ] 
	 [ 7 34 12 FE 0 0 0 0 0 0 0 0 0 ] 
	 [ 7 34 12 FE 0 0 0 0 0 0 0 0 4B ] 
	 [ 7 34 12 FE 0 0 0 0 0 0 0 0 4B ] 
	 [ 0 0 0 0 0 0 0 0 0 0 0 0 0 ] 
	 [ 7 0 0 0 0 0 0 0 0 0 0 0 43 ] 
	 [ 7 0 0 0 0 0 0 0 0 0 0 0 7 ] 
	 [ 7 0 0 0 0 0 0 0 0 0 0 0 7 ] 
	 [ 0 0 0 0 0 0 0 0 0 0 0 0 0 ] 
	 [ ] 
	 [ 0 0 0 0 0 0 0 0 C5 7F 0 20 43 ] 
	 [ 0 0 0 0 0 0 0 0 0 0 0 0 0 ] 
	 [ 0 0 0 0 0 0 0 0 0 0 0 0 0 ] 
	 [ 7 0 0 0 0 0 0 0 0 0 0 0 7 ] 
	 [ 0 0 0 0 0 0 0 0 C5 7F 0 20 43 ] 
	 [ 0 0 0 0 0 0 0 0 0 0 0 0 0 ] 
	 [ 7 0 0 0 0 0 0 0 0 0 0 0 0 ] 
	 [ 7 34 12 FE 0 0 0 0 0 0 0 0 4B ] 
	 [ 7 34 12 FE 0 0 0 0 0 0 0 0 4B ] 
	 [ 0 0 0 0 0 0 0 0 0 0 0 0 0 ] 
	 [ 7 34 12 FE 0 0 0 0 0 0 0 0 43 ] 
	 [ 7 0 0 0 0 0 0 0 0 0 0 0 7 ] 
	 [ ] 
	 [ 7 0 0 0 0 0 0 0 0 0 0 0 7 ] 
	 [ 0 0 0 0 0 0 0 0 0 0 0 0 0 ] 
	 [ 7 0 0 0 0 0 0 0 0 0 0 0 0 ] 
	 [ 7 34 12 FE 0 0 0 0 0 0 0 0 4B ] 
	 [ ] 
	 [ 7 34 12 FE 0 0 0 0 0 7F 0 20 43 ] 
	 [ 7 34 12 1 0 0 0 0 4B 0 0 0 43 ] 
	 [ 7 0 0 0 0 0 0 0 0 0 0 0 7 ] 
	 [ 0 0 0 0 0 0 0 0 0 0 0 0 0 ] 
	 [ 7 0 0 0 0 0 0 0 0 0 0 0 0 ] 
	 [ 7 0 0 0 0 0 0 0 0 0 0 0 7 ] 
	 [ 7 34 12 FE 0 0 0 0 0 0 0 0 4B ] 
	 [ 0 0 0 0 0 0 0 0 0 0 0 0 0 ] 
	 [ 7 34 12 FE 0 0 0 0 0 0 0 0 4B ] 
	 [ 0 0 0 0 0 0 0 0 0 0 0 0 0 ] 
	 [ 7 34 12 FE 0 0 0 0 0 0 0 0 4B ] 
	 [ 7 0 0 0 0 0 0 0 0 0 0 0 7 ] 
	 [ 7 0 0 0 0 0 0 0 0 0 0 0 7 ] 
	 [ 7 0 0 0 0 0 0 0 0 0 0 0 7 ] 
	 [ 0 0 0 0 0 0 0 0 0 0 0 0 0 ] 
	 [ 7 0 0 0 0 0 0 0 0 0 0 0 7 ] 
	 [ 0 0 0 0 0 0 0 0 0 0 0 0 0 ] 
	 [ 7 34 12 FE 0 0 0 0 0 0 0 0 4B ] 
	 [ 0 0 0 0 0 0 0 0 0 0 0 0 0 ] 
	 [ 0 E 1 1 0 0 0 0 0 0 0 0 0 ] 
	 [ 7 34 12 FE 0 0 0 0 0 0 0 0 4B ] 
	 [ 0 0 0 0 0 0 0 0 0 0 0 0 0 ] 
	 [ 0 0 0 0 0 0 0 0 0 0 0 0 0 ] 
	 [ ] 
	 [ 0 0 0 0 0 0 0 0 0 0 0 20 43 ] 
	 [ ] 
	 [ 7 34 12 FE 0 0 0 0 C5 7F 0 20 43 ] 
	 [ 7 34 12 FE 0 0 0 0 0 0 0 0 4B ] 
	 [ 7 34 12 FE 0 0 0 0 0 0 0 0 4B ] 
	 [ 0 0 0 0 0 0 0 0 0 0 0 0 0 ] 
	 [ 0 0 0 0 0 0 0 0 0 0 0 0 0 ] 
	 [ 7 0 0 0 0 0 0 0 0 0 0 0 7 ] 
	 [ 7 0 0 0 0 0 0 0 0 0 0 0 7 ] 
	 [ 0 0 0 0 0 0 0 0 0 0 0 0 0 ] 
	 [ 0 0 0 0 0 0 0 0 0 0 0 0 0 ] 
	 [ 7 34 12 FE 0 0 0 0 0 0 0 0 4B ] 
	 [ 0 0 0 0 E 0 0 0 C5 7F 0 20 43 ] 
	 [ 0 0 0 0 0 0 0 0 0 0 0 0 0 ] 
	 [ 7 0 0 0 0 0 0 0 0 0 0 0 7 ] 
	 [ 0 0 0 0 0 0 0 0 0 0 0 0 0 ] 
	 [ 7 0 0 0 0 0 0 0 0 0 0 0 7 ] 
	 [ 0 0 0 0 0 0 0 0 0 0 0 0 0 ] 
	 [ 7 0 0 0 0 0 0 0 0 0 0 0 7 ] 
	 [ 0 0 0 0 0 0 0 0 0 0 0 0 0 ] 
	 [ 7 34 12 FE 0 0 0 0 0 0 0 0 43 ] 
	 [ 7 34 12 FE 0 0 0 0 0 0 0 0 4B ] 
	 [ ] 
	 [ 7 0 E 1 0 0 0 0 0 0 0 0 0 ] 
	 [ ] 
	 [ 0 0 0 0 0 0 0 0 C5 7F 0 20 43 ] 
	 [ 0 0 0 0 0 0 0 0 0 0 0 0 0 ] 
	 [ 7 0 0 0 0 0 0 0 0 0 0 0 7 ] 
	 [ 7 0 0 0 0 0 0 0 0 0 0 0 7 ] 
	 [ 0 0 0 0 E 0 0 0 C5 7F 0 20 43 ] 
	 [ 0 0 0 0 0 0 0 0 0 0 0 0 0 ] 
	 [ 0 0 0 0 0 0 0 0 0 0 0 0 0 ] 
	 [ 7 34 12 FE 0 0 0 0 0 0 0 0 4B ] 
	 [ 7 0 0 0 0 0 0 0 0 0 0 0 7 ] 
	 [ 0 0 0 0 0 0 0 0 0 0 0 0 0 ] 
	 [ 0 0 0 0 0 0 0 0 0 0 0 0 0 ] 
	 [ 7 0 0 0 0 0 0 0 0 0 0 0 7 ] 
	 [ 0 0 0 0 0 0 0 0 0 0 0 0 0 ] 
	 [ 7 34 12 FE 0 0 0 0 0 0 0 0 4B ] 
	 [ 0 0 0 0 0 0 0 0 0 0 0 0 0 ] 
	 [ 7 34 12 FE 0 0 0 0 0 0 0 0 4B ] 
	 [ 0 0 0 0 0 0 0 0 0 0 0 0 0 ] 
	 [ 7 34 12 FE 0 0 0 0 0 0 0 0 4B ] 
	 [ 7 0 0 0 0 0 0 0 0 0 0 0 43 ] 
	 [ 0 0 0 0 0 0 0 0 0 0 0 0 0 ] 
	 [ 0 0 0 0 E 0 0 0 C5 7F 0 20 43 ] 
	 [ 7 0 0 0 0 0 0 0 0 0 0 0 7 ] 
	 [ ] 
	 [ 6 0 0 0 0 0 0 0 C5 7F 0 20 43 ] 
	 [ ] 
	 [ 0 0 0 0 0 0 0 0 C5 7F 0 20 43 ] 
	 [ 0 0 0 0 0 0 0 0 0 0 0 0 0 ] 
	 [ 0 0 0 0 0 0 0 0 0 0 0 0 0 ] 
	 [ 7 0 0 0 0 0 0 0 0 0 0 0 7 ] 
	 [ 7 0 0 0 0 0 0 0 0 0 0 0 7 ] 
	 [ 0 0 0 0 0 0 0 0 0 0 0 0 0 ] 
	 [ 0 0 0 0 0 0 0 0 0 0 0 0 0 ] 
	 [ 7 34 12 FE 0 0 0 0 0 0 0 0 4B ] 
	 [ 7 34 12 FE 0 0 0 0 0 0 0 0 4B ] 
	 [ 0 0 0 0 0 0 0 0 0 0 0 0 0 ] 
	 [ 7 34 12 FE 0 0 0 0 0 0 0 0 43 ] 
	 [ 7 0 0 0 0 0 0 0 0 0 0 0 7 ] 
	 [ 0 0 0 0 0 0 0 0 0 0 0 20 43 ] 
	 [ 7 0 0 0 0 0 0 0 0 0 0 0 7 ] 
	 [ 7 0 0 0 0 0 0 0 0 0 0 0 7 ] 
	 [ 0 0 0 0 0 0 0 0 0 0 0 0 0 ] 
	 [ 7 34 12 FE 0 0 0 0 0 0 0 0 4B ] 
	 [ 0 0 0 0 0 0 0 0 C5 7F 0 20 43 ] 
	 [ 0 0 0 0 0 0 0 0 0 0 0 0 0 ] 
	 [ ] 
	 [ 0 0 0 0 0 0 0 0 0 0 0 20 43 ] 
	 [ ] 
	 [ 7 0 0 0 0 0 0 0 0 0 0 0 0 ] 
	 [ 7 0 0 0 0 0 0 0 0 0 0 0 7 ] 
	 [ 7 34 12 FE 0 0 0 0 0 0 0 0 4B ] 
	 [ 0 0 0 0 0 0 0 0 0 0 0 0 0 ] 
	 [ 7 34 12 FE 0 0 0 0 0 0 0 0 43 ] 
	 [ 7 34 12 FE 0 0 0 0 0 0 0 0 4B ] 
	 [ 7 0 0 0 0 0 0 0 0 0 0 20 43 ] 
	 [ 0 0 0 0 0 0 0 0 0 0 0 0 0 ] 
	 [ 7 0 0 0 0 0 0 0 0 0 0 0 7 ] 
	 [ 6 0 0 0 0 0 0 0 0 0 0 0 6 ] 
	 [ 6 0 0 0 0 0 0 0 C5 7F 0 20 43 ] 
	 [ 0 0 0 0 0 0 0 0 0 0 0 0 0 ] 
	 [ 7 34 12 FE 0 0 0 0 0 0 0 0 4B ] 
	 [ 0 0 0 0 0 0 0 0 0 0 0 0 0 ] 
	 [ 7 34 12 FE 0 0 0 0 0 0 0 0 4B ] 
	 [ 0 0 0 0 0 0 0 0 0 0 0 0 0 ] 
	 [ 7 34 12 FE 0 0 0 0 0 0 0 0 4B ] 
	 [ 0 0 0 0 0 0 0 0 0 0 0 0 0 ] 
	 [ 7 0 0 0 0 0 0 0 0 0 0 0 7 ] 
	 [ 7 0 0 0 0 0 0 0 0 0 0 0 7 ] 
	 [ 0 0 0 0 0 0 0 0 0 0 0 0 0 ] 
	 [ 0 0 0 0 0 0 0 0 0 0 0 0 0 ] 
	 [ 7 34 12 FE 0 0 0 0 0 0 0 4B 0 ] 
	 [ 0 0 0 0 0 0 0 0 0 7F 0 20 43 ] 
	 [ ] 
	 [ 7 34 12 FE 0 0 0 0 0 0 0 0 0 ] 
	 [ ] 
	 [ 7 0 0 0 0 0 0 0 C5 7F 0 20 43 ] 
	 [ 0 0 0 0 0 0 0 0 0 0 0 0 0 ] 
	 [ 0 0 0 0 0 0 0 0 0 0 0 0 0 ] 
	 [ 7 34 12 FE 0 0 0 0 0 0 0 0 4B ] 
	 [ 7 34 12 FE 0 0 0 0 0 0 0 0 4B ] 
	 [ 0 0 0 0 0 0 0 0 0 0 0 0 0 ] 
	 [ 0 0 0 0 0 0 0 0 0 0 0 0 0 ] 
	 [ 7 34 12 FE 0 0 0 0 0 0 0 0 4B ] 
	 [ 7 0 0 0 0 0 0 0 0 0 0 0 0 ] 
	 [ 7 0 0 0 0 0 0 0 0 0 0 0 7 ] 
	 [ 0 0 0 0 0 0 0 0 0 0 0 0 0 ] 
	 [ 7 0 0 0 0 0 0 0 0 0 0 0 7 ] 
	 [ 6 0 0 0 0 0 0 0 0 0 0 0 6 ] 
	 [ 6 0 0 0 0 0 0 0 0 0 0 0 6 ] 
	 [ 6 0 0 0 0 0 0 0 0 0 0 0 6 ] 
	 [ 6 0 0 0 0 0 0 0 0 0 0 0 6 ] 
	 [ 0 0 0 0 0 0 0 0 0 0 0 0 0 ] 
	 [ 7 34 12 FE 0 0 0 0 0 0 0 0 4B ] 
	 [ 0 0 0 0 0 0 0 0 0 0 0 0 0 ] 
	 [ 7 34 12 FE 0 0 0 0 0 0 0 0 4B ] 
	 [ 0 0 0 0 0 0 0 0 0 0 0 0 0 ] 
	 [ 0 0 0 0 E 0 0 0 C5 7F 0 20 43 ] 
	 [ 7 0 0 0 0 0 0 0 0 0 0 0 7 ] 
	 [ ] 
	 [ 7 0 0 0 0 0 0 0 0 0 0 0 7 ] 
	 [ 7 0 0 0 0 0 0 0 0 0 0 0 7 ] 
	 [ 7 0 0 0 0 0 0 0 0 0 0 0 7 ] 
	 [ 0 0 0 0 E 0 0 0 C5 7F 0 20 43 ] 
	 [ 0 0 0 0 0 0 0 0 0 0 0 0 0 ] 
	 [ 0 0 0 0 0 0 0 0 0 0 0 0 0 ] 
	 [ 7 34 12 FE 0 0 0 0 0 0 0 0 4B ] 
	 [ 7 0 0 0 0 0 0 0 0 0 0 0 7 ] 
	 [ 0 0 0 0 0 0 0 0 0 0 0 0 0 ] 
	 [ 7 0 0 0 0 0 0 0 0 0 0 0 7 ] 
	 [ 7 0 0 0 0 0 0 0 0 0 0 0 7 ] 
	 [ ] 
	 [ 7 34 0 E 0 0 0 0 0 0 0 0 0 ] 
	 [ FE 1 1 1 1 1 1 1 2 4B 0 0 E 1 1 1 1 0 0 5 7 34 12 FE 1 1 1 1 1 1 1 2 0 0 0 0 7D 23 0 0 33 0 0 0 34 0 0 0 C3 7F 0 ] 
	 [ 0 0 0 0 0 0 0 0 0 0 0 0 0 ] 
	 [ ] 
	 [ 0 0 0 0 0 0 0 0 C5 7F 0 20 43 ] 
	 [ 6 0 0 0 0 0 0 0 0 0 6 0 0 ] 
	 [ 7 34 12 FE 0 0 0 0 0 0 0 0 4B ] 
	 [ 0 0 0 0 0 0 0 0 0 0 0 0 0 ] 
	 [ 0 0 0 0 0 0 0 0 0 0 0 0 0 ] 
	 [ 7 34 12 FE 0 0 0 0 0 0 0 0 4B ] 
	 [ 7 0 0 0 0 0 0 0 0 0 0 0 7 ] 
	 [ 0 0 0 0 0 0 0 0 0 0 0 0 0 ] 
	 [ 7 0 0 0 0 0 0 0 0 0 0 20 43 ] 
	 [ 7 0 0 0 0 0 0 0 0 0 0 0 7 ] 
	 [ 0 0 0 0 0 0 0 0 0 0 0 0 0 ] 
	 [ 7 34 12 FE 0 0 0 0 C5 7F 0 20 43 ] 
	 [ 0 0 0 0 0 0 0 0 C5 7F 0 20 43 ] 
	 [ 0 0 0 0 0 0 0 0 0 0 0 0 0 ] 
	 [ 7 0 0 0 0 0 0 0 0 0 0 0 7 ] 
	 [ 0 0 0 0 0 0 0 0 0 0 0 0 0 ] 
	 [ 7 0 0 0 0 0 0 0 0 0 0 0 7 ] 
	 [ 0 0 0 0 E 0 0 0 C5 7F 0 20 43 ] 
	 [ 0 0 0 0 0 0 0 0 0 0 0 0 0 ] 
	 [ 0 0 0 0 0 0 0 0 0 0 0 0 0 ] 
	 [ 7 34 12 FE 0 0 0 0 0 0 0 0 4B ] 
	 [ 7 34 12 FE 0 0 0 0 0 0 0 0 4B ] 
	 [ 0 0 0 0 0 0 0 0 0 0 0 0 0 ] 
	 [ 7 0 0 0 0 0 0 0 0 0 0 20 43 ] 
	 [ 7 0 0 0 0 0 0 0 0 0 0 0 7 ] 
	 [ ] 
	 [ 7 0 0 0 0 0 0 0 0 0 0 0 0 ] 
	 [ 7 34 12 FE 0 0 0 0 0 0 0 0 4B ] 
	 [ 0 0 0 0 0 0 0 0 C5 7F 0 20 43 ] 
	 [ 0 0 0 0 0 0 0 0 0 0 0 0 0 ] 
	 [ 0 0 0 0 0 0 0 0 0 0 0 0 0 ] 
	 [ 7 34 12 FE 0 0 0 0 0 0 0 0 4B ] 
	 [ 0 0 0 0 E 0 0 0 C5 7F 0 20 43 ] 
	 [ 0 0 0 0 0 0 0 0 0 0 0 0 0 ] 
	 [ 0 0 0 0 0 0 0 0 0 0 0 0 0 ] 
	 [ 7 0 0 0 0 0 0 0 0 0 0 0 7 ] 
	 [ 7 34 12 FE 0 0 0 0 0 0 0 0 4B ] 
	 [ 0 0 0 0 0 0 0 0 0 0 0 0 0 ] 
	 [ 7 34 12 FE 0 0 0 0 0 0 0 20 43 ] 
	 [ 7 34 12 FE 0 0 0 0 0 0 0 0 4B ] 
	 [ 0 0 0 0 0 0 0 0 0 0 0 0 0 ] 
	 [ 7 0 0 0 0 0 0 0 0 0 0 0 7 ] 
	 [ 7 0 0 0 0 0 0 0 0 0 0 0 7 ] 
	 [ 7 0 0 0 0 0 0 0 0 0 0 0 7 ] 
	 [ 0 0 0 0 0 0 0 0 0 0 0 0 0 ] 
	 [ 7 0 0 0 0 0 0 0 0 0 0 0 7 ] 
	 [ ] 
	 [ 7 34 12 FE 0 0 0 0 0 7F 0 20 43 ] 
	 [ 7 34 12 FE 0 0 0 0 0 0 0 0 4B ] 
	 [ 0 0 0 0 E 0 0 0 C5 7F 0 20 43 ] 
	 [ 0 0 0 0 0 0 0 0 0 0 0 0 0 ] 
	 [ 0 0 0 0 0 0 0 0 0 0 0 0 0 ] 
	 [ 7 0 0 0 0 0 0 0 0 0 0 0 7 ] 
	 [ 7 0 0 0 0 0 0 0 0 0 0 0 7 ] 
	 [ 0 0 0 0 0 0 0 0 0 0 0 0 0 ] 
	 [ 7 34 12 FE 0 0 0 0 0 0 0 20 43 ] 
	 [ 7 34 12 FE 0 0 0 0 0 0 0 0 4B ] 
	 [ 7 34 12 FE 0 0 0 0 0 0 0 0 4B ] 
	 [ 0 0 0 0 0 0 0 0 0 0 0 0 0 ] 
	 [ 0 0 0 0 0 0 0 0 0 0 0 0 0 ] 
	 [ 0 0 0 0 0 0 0 0 C5 7F 0 20 43 ] 
	 [ 0 0 0 0 0 0 0 0 0 0 0 0 0 ] 
	 [ 7 34 12 FE 0 0 0 0 0 0 0 0 4B ] 
	 [ 0 0 0 0 0 0 0 0 0 0 0 0 0 ] 
	 [ 0 0 0 0 0 0 0 0 0 0 0 0 0 ] 
	 [ 0 0 0 0 0 0 0 0 0 0 0 0 0 ] 
	 [ 7 34 12 FE 0 0 0 0 0 0 0 0 4B ] 
	 [ 7 34 12 FE 0 0 0 0 0 0 0 0 4B ] 
	 [ 0 0 0 0 0 0 0 0 0 0 0 0 0 ] 
	 [ 7 0 0 0 0 0 0 0 0 0 0 20 43 ] 
	 [ 7 0 0 0 0 0 0 0 0 0 0 0 7 ] 
	 [ 7 0 0 0 0 0 0 0 0 0 0 0 7 ] 
	 [ 0 0 0 0 0 0 0 0 0 0 0 0 0 ] 
	 [ 7 34 12 FE 0 0 0 0 0 0 0 0 4B ] 
	 [ 0 0 0 0 0 0 0 0 0 0 0 0 0 ] 
	 [ 7 34 12 FE 0 0 0 0 0 0 0 0 4B ] 
	 [ 0 0 0 0 0 0 0 0 0 0 0 0 0 ] 
	 [ 0 0 0 0 0 0 0 0 0 0 0 0 0 ] 
	 [ 7 0 0 0 0 0 0 0 0 0 0 0 7 ] 
	 [ 0 0 0 0 0 0 0 0 0 0 0 0 0 ] 
	 [ 0 0 0 0 0 0 0 0 0 0 0 0 0 ] 
	 [ 0 0 0 0 0 0 0 0 0 0 0 0 0 ] 
	 [ 7 34 12 FE 0 0 0 0 0 0 0 0 4B ] 
	 [ 7 34 12 FE 0 0 0 0 0 0 0 0 4B ] 
	 [ 0 0 0 0 0 0 0 0 0 0 0 0 0 ] 
	 [ 7 0 0 0 0 0 0 0 0 0 0 20 43 ] 
	 [ 7 0 0 0 0 0 0 0 0 0 0 0 7 ] 
	 [ ] 
	 [ 7 34 12 FE 0 0 0 0 0 0 0 0 0 ] 
	 [ 7 34 12 FE 0 0 0 0 0 0 0 0 4B ] 
	 [ 7 34 12 FE 0 0 0 0 0 0 0 0 4B ] 
	 [ 0 0 0 0 0 0 0 0 0 0 0 0 0 ] 
	 [ 7 0 0 0 0 0 0 0 C5 7F 0 20 43 ] 
	 [ 7 0 0 0 0 0 0 0 0 0 0 0 7 ] 
	 [ 0 0 0 0 0 0 0 0 0 0 0 0 0 ] 
	 [ 0 0 0 0 0 0 0 0 0 0 0 0 0 ] 
	 [ 0 0 0 0 0 0 0 0 0 0 0 0 0 ] 
	 [ 7 34 12 FE 0 0 0 0 0 0 0 0 4B ] 
	 [ 7 34 12 FE 0 0 0 0 0 0 0 0 4B ] 
	 [ 0 0 0 0 0 0 0 0 0 0 0 0 0 ] 
	 [ 7 0 0 0 0 0 0 0 0 0 0 0 43 ] 
	 [ 7 34 12 FE 0 0 0 0 0 0 0 0 4B ] 
	 [ 0 0 0 0 0 0 0 0 0 0 0 0 0 ] 
	 [ 0 0 0 0 0 0 0 0 0 0 0 0 0 ] 
	 [ 7 0 0 0 0 0 0 0 0 0 0 0 7 ] 
	 [ 7 0 0 0 0 0 0 0 0 0 0 0 7 ] 
	 [ 0 0 0 0 0 0 0 0 0 0 0 20 43 ] 
	 [ 0 0 0 0 0 0 0 0 0 0 0 0 0 ] 
	 [ 7 0 0 0 0 0 0 0 0 0 0 0 7 ] 
	 [ 6 0 0 0 0 0 0 0 0 0 0 0 0 ] 
	 [ 6 0 0 0 0 0 0 0 0 0 0 0 6 ] 
	 [ 0 0 0 0 0 0 0 0 0 0 0 0 0 ] 
	 [ 7 34 12 FE 0 0 0 0 0 0 0 0 4B ] 
	 [ 7 34 12 FE 0 0 0 0 0 0 0 0 4B ] 
	 [ 0 0 0 0 0 0 0 0 0 0 0 0 0 ] 
	 [ 7 34 12 FE 0 0 0 0 0 0 0 0 43 ] 
	 [ 7 0 0 0 0 0 0 0 0 0 0 0 7 ] 
	 [ 7 0 0 0 0 0 0 0 0 0 0 0 0 ] 
	 [ 0 0 0 0 0 0 0 0 0 0 0 0 0 ] 
	 [ 0 0 0 20 43 22 ] 
	 [ 7 34 12 FE 0 0 0 0 0 0 0 0 4B ] 
	 [ 0 0 0 0 0 0 0 0 0 0 0 0 0 ] 
	 [ 7 34 0 E 0 0 0 0 0 0 0 0 0 ] 
	 [ 7 34 12 FE 0 0 0 0 0 0 0 0 4B ] 
	 [ 7 0 0 0 0 0 0 0 0 0 0 0 0 ] 
	 [ 7 34 12 FE 0 0 0 0 0 0 0 0 4B ] 
	 [ 0 0 0 0 0 0 0 0 0 0 0 0 0 ] 
	 [ 7 0 0 0 0 0 0 0 0 0 0 0 7 ] 
	 [ 0 0 0 0 0 0 0 0 0 0 0 0 0 ] 
	 [ 7 0 0 0 0 0 0 0 0 0 0 0 7 ] 
	 [ 6 0 0 0 0 0 0 0 0 0 0 0 43 ] 
	 [ 7 34 12 FE 0 0 0 0 0 0 0 0 4B ] 
	 [ 0 0 0 0 0 0 0 0 0 0 0 0 0 ] 
	 [ 7 34 12 FE 0 0 0 0 0 0 0 0 4B ] 
	 [ 0 0 0 0 0 0 0 0 0 0 0 0 0 ] 
	 [ 7 34 12 FE 0 0 0 0 0 0 0 0 4B ] 
	 [ 0 0 0 0 0 0 0 0 0 0 0 0 0 ] 
	 [ 7 34 0 E 0 0 0 0 0 0 0 0 0 ] 
	 [ 7 0 0 0 0 0 0 0 0 0 0 0 7 ] 
	 [ 7 0 0 0 0 0 0 0 0 0 0 0 0 ] 
	 [ 7 0 0 0 0 0 0 0 0 0 0 0 7 ] 
	 [ 0 0 0 0 0 0 0 0 0 0 0 0 0 ] 
	 [ 7 34 12 FE 0 0 0 0 0 0 0 0 4B ] 
	 [ 7 34 12 FE 0 0 0 0 0 0 0 0 4B ] 
	 [ 0 0 0 0 0 0 0 0 0 0 0 0 0 ] 
	 [ 7 34 12 FE 0 0 0 0 0 0 0 0 43 ] 
	 [ 7 0 0 0 0 0 0 0 0 0 0 0 7 ] 
	 [ 7 0 0 0 0 0 0 0 0 0 0 0 7 ] 
	 [ 7 0 0 0 0 0 0 0 0 0 0 0 7 ] 
	 [ 6 0 0 0 0 0 0 0 0 0 0 0 6 ] 
	 [ 0 0 0 0 0 0 0 0 0 0 0 0 0 ] 
	 [ ] 
	 [ 0 0 0 0 0 0 0 0 0 0 0 0 0 ] 
	 [ 7 34 12 FE 0 0 0 0 0 0 0 0 4B ] 
	 [ ] 
	 [ 7 34 12 FE 0 0 0 0 0 0 0 0 4B ] 
	 [ 0 0 0 0 0 0 0 0 0 0 0 0 0 ] 
	 [ 7 0 0 0 0 0 0 0 0 0 0 0 7 ] 
	 [ 0 0 0 0 0 0 0 0 C5 7F 0 20 43 ] 
	 [ 7 0 0 0 0 0 0 0 0 0 0 0 7 ] 
	 [ 0 0 0 0 0 0 0 0 0 0 0 0 0 ] 
	 [ 7 34 12 FE 0 0 0 0 0 0 0 0 4B ] 
	 [ 0 0 0 0 0 0 0 0 0 0 0 0 43 ] 
	 [ 0 0 0 0 0 0 0 0 0 0 0 0 0 ] 
	 [ 0 0 0 0 0 0 0 0 0 0 0 0 0 ] 
	 [ 7 0 0 0 0 0 0 0 0 0 0 0 7 ] 
	 [ 7 0 0 0 0 0 0 0 0 0 0 0 7 ] 
	 [ 0 0 0 0 0 0 0 0 0 0 0 0 0 ] 
	 [ 7 34 0 E 0 0 0 0 0 0 0 0 0 ] 
	 [ 7 34 12 FE 0 0 0 0 0 0 0 0 4B ] 
	 [ 0 0 0 0 0 0 0 0 C5 7F 0 20 43 ] 
	 [ 0 0 0 0 0 0 0 0 0 0 0 0 0 ] 
	 [ 7 0 0 0 0 0 0 0 0 0 0 0 7 ] 
	 [ 7 0 0 0 0 0 0 0 0 0 0 0 7 ] 
	 [ 0 0 0 0 0 0 0 0 C5 7F 0 20 43 ] 
	 [ 0 0 0 0 0 0 0 0 0 0 0 0 0 ] 
	 [ 0 0 0 0 0 0 0 0 0 0 0 0 0 ] 
	 [ 7 34 12 FE 0 0 0 0 0 0 0 0 4B ] 
	 [ 0 0 0 0 0 0 0 0 0 0 0 0 0 ] 
	 [ 7 0 0 0 0 0 0 0 0 0 0 0 43 ] 
	 [ 7 0 0 0 0 0 0 0 0 0 0 0 7 ] 
	 [ 7 34 12 FE 0 0 0 0 0 0 0 0 4B ] 
	 [ 0 0 0 0 0 0 0 0 0 0 0 0 0 ] 
	 [ 7 34 0 E 0 0 0 0 0 0 0 0 0 ] 
	 [ 7 34 12 FE 0 0 0 0 0 0 0 0 4B ] 
	 [ 0 0 0 0 0 0 0 0 C5 7F 0 20 43 ] 
	 [ 7 0 0 0 0 0 0 0 0 0 0 0 7 ] 
	 [ 0 0 0 0 0 0 0 0 0 0 0 0 0 ] 
	 [ 7 34 12 FE 0 0 0 0 0 0 0 0 4B ] 
	 [ 0 0 0 0 0 0 0 0 C5 7F 0 20 43 ] 
	 [ 0 0 0 0 0 0 0 0 0 0 0 0 0 ] 
	 [ ] 
	 [ 0 0 0 0 0 0 0 0 C5 7F 0 20 43 ] 
	 [ ] 
	 [ 7 0 0 0 0 0 0 0 0 0 0 0 7 ] 
	 [ 0 0 0 0 0 0 0 0 0 0 0 0 0 ] 
	 [ 7 0 0 0 0 0 0 0 0 0 0 0 7 ] 
	 [ 0 0 0 0 E 0 0 0 C5 7F 0 20 43 ] 
	 [ 0 0 0 0 0 0 0 0 0 0 0 0 0 ] 
	 [ 7 34 0 E 0 0 0 0 0 0 0 0 0 ] 
	 [ 7 34 12 FE 0 0 0 0 0 0 0 0 4B ] 
	 [ 7 0 0 0 0 0 0 0 C5 7F 0 20 43 ] 
	 [ 0 0 0 0 0 0 0 0 0 0 0 0 0 ] 
	 [ 0 0 0 0 0 0 0 0 0 0 0 0 0 ] 
	 [ 7 0 0 0 0 0 0 0 0 0 0 0 7 ] 
	 [ 6 0 0 0 0 0 0 0 C5 7F 0 20 43 ] 
	 [ 0 0 0 0 0 0 0 0 0 0 0 0 0 ] 
	 [ 7 0 0 0 0 0 0 0 0 0 0 0 7 ] 
	 [ 0 0 0 0 0 0 0 0 0 0 0 0 0 ] 
	 [ 7 34 12 FE 0 0 0 0 0 0 0 0 4B ] 
	 [ 0 0 0 0 0 0 0 0 C5 7F 0 20 43 ] 
	 [ 0 0 0 0 0 0 0 0 0 0 0 0 0 ] 
	 [ 7 0 E 1 0 0 0 0 0 0 0 0 0 ] 
	 [ 7 0 0 0 0 0 0 0 0 0 0 0 7 ] 
	 [ 0 0 0 0 E 0 0 0 C5 7F 0 20 43 ] 
	 [ 7 0 0 0 0 0 0 0 0 0 0 0 7 ] 
	 [ 7 0 0 0 7 0 0 0 C5 7F 0 20 43 ] 
	 [ 7 34 12 FE 0 0 0 0 0 0 0 0 4B ] 
	 [ 0 0 0 0 0 0 0 0 0 0 0 0 0 ] 
	 [ 0 0 0 0 0 0 0 0 0 0 0 0 0 ] 
	 [ 7 34 12 FE 0 0 0 0 0 0 0 0 4B ] 
	 [ 7 0 0 0 0 0 0 0 C5 7F 0 20 43 ] 
	 [ 7 0 0 0 0 0 0 0 0 0 0 0 7 ] 
	 [ 7 0 0 0 0 0 0 0 0 0 0 0 7 ] 
	 [ 7 0 0 0 0 0 0 0 0 0 0 0 7 ] 
	 [ 6 0 0 0 0 0 0 0 C5 7F 0 20 43 ] 
	 [ 6 0 0 0 0 0 0 0 0 0 0 0 6 ] 
	 [ 6 0 0 0 E 0 0 0 C5 7F 0 20 43 ] 
	 [ 6 0 0 0 0 0 0 0 0 0 0 0 6 ] 
	 [ 5 0 0 0 E 0 0 0 C5 7F 0 20 43 ] 
	 [ 5 0 0 0 0 0 0 0 0 0 0 0 5 ] 
	 [ 5 0 0 0 0 0 0 0 C5 7F 0 20 43 ] 
	 [ 5 0 0 0 0 0 0 0 0 0 0 0 5 ] 
	 [ 5 0 0 0 0 0 0 0 0 0 0 0 5 ] 
	 [ 5 0 0 0 0 0 0 0 0 0 0 0 5 ] 
	 [ 5 0 0 0 0 0 0 0 0 0 0 0 5 ] 
	 [ 5 0 0 0 0 0 0 0 C5 7F 0 20 43 ] 
	 [ 5 0 0 0 0 0 0 0 0 0 0 0 5 ] 
	 [ 5 0 0 0 0 0 0 0 0 0 0 0 5 ] 
	 [ 5 0 0 0 0 0 0 0 0 0 0 0 5 ] 
	 [ 5 0 0 0 0 0 0 0 C5 7F 0 20 43 ] 
	 [ 5 0 0 0 0 0 0 0 0 0 0 0 5 ] 
	 [ 5 0 0 0 E 0 0 0 C5 7F 0 20 43 ] 
	 [ 5 0 0 0 0 0 0 0 0 0 0 0 5 ] 
	 [ 5 0 0 0 0 0 0 0 0 5 0 0 0 ] 
	 [ 5 0 0 0 0 0 0 0 0 0 0 0 5 ] 
	 [ 5 0 0 0 0 0 0 0 0 0 5 0 0 ] 
	 [ 5 0 0 0 0 0 0 0 0 0 0 0 5 ] 
	 [ ] 
	 [ 5 0 0 0 0 0 0 0 C5 7F 0 20 43 ] 
	 [ 5 0 0 0 0 0 0 0 0 0 0 0 5 ] 
	 [ 5 0 0 0 0 0 0 0 C5 7F 0 20 43 ] 
	 [ 5 0 0 0 0 0 0 0 0 0 0 0 5 ] 
	 [ 5 0 0 0 0 0 0 0 0 0 0 0 5 ] 
	 [ 5 0 0 0 0 0 0 0 0 0 0 0 5 ] 
	 [ 5 0 0 0 0 0 0 0 C5 7F 0 20 43 ] 
	 [ 5 0 0 0 0 0 0 0 0 0 0 0 5 ] 
	 [ 5 0 0 0 E 0 0 0 C5 7F 0 20 43 ] 
	 [ 5 0 0 0 0 0 0 0 0 0 0 0 5 ] 
	 [ 5 0 0 0 E 0 0 0 C5 7F 0 20 43 ] 
	 [ 5 0 0 0 0 0 0 0 0 0 0 0 5 ] 
	 [ 5 0 0 0 0 0 0 0 C5 7F 0 20 43 ] 
	 [ 5 0 0 0 0 0 0 0 0 0 0 0 5 ] 
	 [ 5 0 0 0 0 0 0 0 0 0 0 0 5 ] 
	 [ 5 0 0 0 0 0 0 0 0 0 0 0 0 ] 
	 [ 5 0 0 0 0 0 0 0 0 0 0 0 5 ] 
	 [ 5 0 0 0 0 0 0 0 C5 7F 0 20 43 ] 
	 [ 5 0 0 0 0 0 0 0 0 0 0 0 5 ] 
	 [ 5 0 0 0 0 0 0 0 0 0 0 0 5 ] 
	 [ 5 0 0 0 0 0 0 0 0 0 0 0 5 ] 
	 [ 5 0 0 0 0 0 0 0 C5 7F 0 20 43 ] 
	 [ 5 0 0 0 0 0 0 0 0 0 0 0 5 ] 
	 [ 5 0 0 0 E 0 0 0 C5 7F 0 20 43 ] 
	 [ 5 0 0 0 0 0 0 0 0 0 0 0 5 ] 
	 [ 5 0 0 0 E 0 0 0 C5 7F 0 20 43 ] 
	 [ 5 0 0 0 0 0 0 0 0 0 0 0 5 ] 
	 [ 5 0 0 0 0 0 0 0 0 0 5 0 0 ] 
	 [ 5 0 0 0 0 0 0 0 0 0 0 0 5 ] 
	 [ 5 0 0 0 0 0 0 0 0 0 0 0 5 ] 
	 [ 5 0 0 0 0 0 0 0 0 0 0 0 0 ] 
	 [ 5 0 0 0 0 0 0 0 0 0 0 0 5 ] 
	 [ 5 0 0 0 0 0 0 0 C5 7F 0 20 43 ] 
	 [ 5 0 0 0 0 0 0 0 0 0 0 0 5 ] 
	 [ 5 0 0 0 0 0 0 0 0 0 0 0 5 ] 
	 [ 5 0 0 0 0 0 0 0 0 0 0 0 5 ] 
	 [ 5 0 0 0 0 0 0 0 C5 7F 0 20 43 ] 
	 [ 5 0 0 0 0 0 0 0 0 0 0 0 5 ] 
	 [ 5 0 0 0 E 0 0 0 C5 7F 0 20 43 ] 
	 [ 5 0 0 0 0 0 0 0 0 0 0 0 5 ] 
	 [ 5 0 0 0 E 0 0 0 C5 7F 0 20 43 ] 
	 [ 5 0 0 0 0 0 0 0 0 0 0 0 5 ] 
	 [ 5 0 0 0 0 0 0 0 0 0 0 0 5 ] 
	 [ 5 0 0 0 0 0 0 0 C5 7F 0 20 43 ] 
	 [ 5 0 0 0 0 0 0 0 0 0 0 0 5 ] 
	 [ 5 0 0 0 0 0 0 0 0 0 0 0 0 ] 
	 [ 5 0 0 0 0 0 0 0 0 0 0 0 5 ] 
	 [ 5 0 0 0 0 0 0 0 C5 7F 0 20 43 ] 
	 [ 5 0 0 0 0 0 0 0 0 0 0 0 5 ] 
	 [ 5 0 0 0 0 0 0 0 0 0 0 0 5 ] 
	 [ 5 0 0 0 0 0 0 0 0 0 0 0 5 ] 
	 [ 5 0 0 0 0 0 0 0 C5 7F 0 20 43 ] 
	 [ 5 0 0 0 0 0 0 0 0 0 0 0 5 ] 
	 [ 5 0 0 0 E 0 0 0 C5 7F 0 20 43 ] 
	 [ 5 0 0 0 0 0 0 0 0 0 0 0 5 ] 
	 [ 5 0 0 0 E 0 0 0 C5 7F 0 20 43 ] 
	 [ 5 0 0 0 0 0 0 0 0 0 0 0 5 ] 
	 [ 5 0 0 0 0 0 0 0 C5 7F 0 20 43 ] 
	 [ 5 0 0 0 0 0 0 0 0 0 0 0 5 ] 
	 [ 5 0 0 0 0 0 0 0 0 0 0 0 0 ] 
	 [ 5 0 0 0 0 0 0 0 0 0 0 0 5 ] 
	 [ 5 0 0 0 0 0 0 0 0 0 0 0 5 ] 
	 [ 5 0 0 0 0 0 0 0 C5 7F 0 20 43 ] 
	 [ 5 0 0 0 0 0 0 0 0 0 0 0 5 ] 
	 [ 5 0 0 0 0 0 0 0 0 0 0 0 5 ] 
	 [ 5 0 0 0 0 0 0 0 0 0 0 0 5 ] 
	 [ 5 0 0 0 0 0 0 0 C5 7F 0 20 43 ] 
	 [ 5 0 0 0 0 0 0 0 5 0 0 0 43 ] 
	 [ 5 0 0 0 0 0 0 0 0 0 0 0 5 ] 
	 [ 5 0 0 0 0 0 0 0 0 0 0 0 5 ] 
	 [ 5 0 0 0 E 0 0 0 C5 7F 0 20 43 ] 
	 [ 5 0 0 0 0 0 0 0 0 0 0 0 5 ] 
	 [ 5 0 0 0 0 0 0 0 C5 7F 0 20 43 ] 
	 [ 5 0 0 0 0 0 0 0 0 0 0 0 5 ] 
	 [ 5 0 0 0 0 0 0 0 0 0 0 0 0 ] 
	 [ 5 0 0 0 0 0 0 0 0 0 0 0 5 ] 
	 [ 5 0 0 0 0 0 0 0 C5 7F 0 20 43 ] 
	 [ 5 0 0 0 0 0 0 0 0 0 0 0 5 ] 
	 [ ] 
	 [ 5 0 0 0 0 0 0 0 0 0 0 20 43 ] 
	 [ 5 0 0 0 0 0 0 0 0 0 0 0 5 ] 
	 [ 5 0 0 0 0 0 0 0 0 0 0 0 43 ] 
	 [ 5 0 0 0 0 0 0 0 0 0 0 0 5 ] 
	 [ 5 0 0 0 0 0 0 0 0 0 0 0 5 ] 
	 [ 5 0 0 0 0 0 0 0 0 0 0 0 5 ] 
	 [ 5 0 0 0 E 0 0 0 C5 7F 0 20 43 ] 
	 [ 5 0 0 0 0 0 0 0 0 0 0 0 5 ] 
	 [ 5 0 0 0 0 0 0 0 C5 7F 0 20 43 ] 
	 [ 5 0 0 0 0 0 0 0 0 0 0 0 5 ] 
	 [ 5 0 0 0 0 0 0 0 0 0 0 0 0 ] 
	 [ 5 0 0 0 0 0 0 0 0 0 0 0 5 ] 
	 [ 5 0 0 0 0 0 0 0 0 0 0 0 0 ] 
	 [ 5 0 0 0 0 0 0 0 0 0 0 0 5 ] 
	 [ 5 0 0 0 0 0 0 0 0 0 5 0 0 ] 
	 [ 5 0 0 0 0 0 0 0 0 0 0 0 5 ] 
	 [ 5 0 0 0 0 0 0 0 0 0 0 0 5 ] 
	 [ 5 0 0 0 0 0 0 0 0 7F 0 20 43 ] 
	 [ 5 0 0 0 0 0 0 0 0 0 0 0 5 ] 
	 [ 5 0 0 0 E 0 0 0 C5 7F 0 20 43 ] 
	 [ 5 0 0 0 0 0 0 0 0 0 0 0 5 ] 
	 [ 5 0 0 0 0 0 0 0 C5 7F 0 20 43 ] 
	 [ 5 0 0 0 0 0 0 0 0 0 0 0 5 ] 
	 [ 5 0 0 0 0 0 0 0 0 0 0 0 0 ] 
	 [ 5 0 0 0 0 0 0 0 0 0 0 0 5 ] 
	 [ 5 0 0 0 0 0 0 0 0 0 0 0 0 ] 
	 [ 5 0 0 0 0 0 0 0 0 0 0 0 5 ] 
	 [ 5 0 0 0 0 0 0 0 0 0 0 0 5 ] 
	 [ 5 0 0 0 0 0 0 0 0 0 0 0 0 ] 
	 [ ] 
	 [ 5 0 0 0 0 0 0 0 0 0 0 0 5 ] 
	 [ 5 0 0 0 0 0 0 0 0 0 0 0 5 ] 
	 [ 0 0 0 0 0 0 0 5 0 0 0 20 43 ] 
	 [ 5 0 0 0 0 0 0 0 0 0 0 0 5 ] 
	 [ ] 
	 [ 5 0 0 0 0 0 0 0 0 0 0 0 5 ] 
	 [ 5 0 0 0 0 0 0 0 0 0 0 0 5 ] 
	 [ ] 
	 [ 5 0 0 0 0 0 0 0 0 0 0 0 5 ] 
	 [ 5 0 0 0 0 0 0 0 0 0 0 0 5 ] 
	 [ 5 0 0 0 0 0 0 0 0 0 0 0 5 ] 
	 [ 5 0 0 0 0 0 0 0 0 0 0 0 5 ] 
	 [ 5 0 0 0 0 0 0 0 0 0 0 0 5 ] 
	 [ 5 0 0 0 0 0 0 0 0 0 0 0 5 ] 
	 [ 5 0 0 0 0 0 0 0 0 0 0 0 5 ] 
	 [ 5 0 0 0 0 0 0 0 0 0 0 0 5 ] 
	 [ 5 0 0 0 0 0 0 0 0 0 0 0 5 ] 
	 [ 5 0 0 0 0 0 0 0 0 0 0 0 5 ] 
	 [ 5 0 0 0 0 0 0 0 0 0 0 5 0 ] 
	 [ 5 0 0 0 0 0 0 0 0 0 0 0 0 ] 
	 [ 5 0 0 0 0 0 0 0 0 7F 0 20 43 ] 
	 [ 5 0 0 0 0 0 0 0 0 0 0 0 5 ] 
	 [ 5 0 0 0 0 0 0 0 0 7F 0 20 43 ] 
	 [ 5 0 0 0 0 0 0 0 0 0 0 0 5 ] 
	 [ C1 ] 
	 [ 5 0 0 0 0 0 0 0 0 0 0 0 0 ] 
	 [ ] 
	 [ 5 0 0 0 0 0 0 0 C5 7F 0 20 43 ] 
	 [ 5 0 0 0 0 0 0 0 0 0 0 0 5 ] 
	 [ 5 0 0 0 0 0 0 0 0 0 0 0 5 ] 
	 [ 5 0 0 0 0 0 0 0 0 0 0 0 5 ] 
	 [ 5 0 0 0 0 0 0 0 0 0 0 0 5 ] 
	 [ 5 0 0 0 0 0 0 0 0 0 0 0 5 ] 
	 [ 5 0 0 0 0 0 0 0 0 0 0 0 5 ] 
	 [ 5 0 0 0 0 0 0 0 0 0 0 0 5 ] 
	 [ 5 0 0 0 0 0 0 0 0 0 0 0 5 ] 
	 [ 5 0 0 0 0 0 0 0 0 0 0 0 5 ] 
	 [ 5 0 0 0 0 0 0 0 0 0 0 0 5 ] 
	 [ 5 0 0 0 0 0 0 0 0 0 0 0 5 ] 
	 [ 5 0 0 0 0 0 0 0 0 0 0 0 5 ] 
	 [ 5 0 0 0 0 0 0 0 0 0 0 0 5 ] 
	 [ 5 0 0 0 0 0 0 0 0 0 0 0 5 ] 
	 [ 5 0 0 0 0 0 0 0 0 0 0 0 5 ] 
	 [ 5 0 0 0 0 0 0 0 0 0 0 0 5 ] 
	 [ 5 0 0 0 0 0 0 0 0 0 0 0 5 ] 
	 [ 5 0 0 0 0 0 0 0 0 0 0 0 5 ] 
	 [ 5 0 0 0 0 0 0 0 0 0 0 0 5 ] 
	 [ 5 0 0 0 0 0 0 0 0 0 0 0 5 ] 
	 [ 5 0 0 0 0 0 0 0 0 0 0 0 5 ] 
	 [ 5 0 0 0 0 0 0 0 0 0 0 0 5 ] 
	 [ 5 0 0 0 0 0 0 0 0 0 0 0 5 ] 
	 [ 5 0 0 0 0 0 0 0 0 0 0 0 5 ] 
	 [ 5 0 0 0 0 0 0 0 0 0 0 0 5 ] 
	 [ C1 ] 
	 [ 5 0 0 0 0 0 0 0 0 0 0 0 0 ] 
	 [ 5 0 0 0 0 0 0 0 C5 7F 0 20 43 ] 
	 [ 5 0 0 0 0 0 0 0 0 0 0 0 5 ] 
	 [ 5 0 0 0 0 0 0 0 0 0 0 0 5 ] 
	 [ 5 0 0 0 0 0 0 0 0 0 0 0 5 ] 
	 [ 5 0 0 0 0 0 0 0 0 0 0 0 5 ] 
	 [ 5 0 0 0 0 0 0 0 0 0 0 0 5 ] 
	 [ 5 0 0 0 0 0 0 0 0 0 0 0 5 ] 
	 [ 5 0 0 0 0 0 0 0 0 0 0 0 5 ] 
	 [ 5 0 0 0 0 0 0 0 0 0 0 0 5 ] 
	 [ 5 0 0 0 0 0 0 0 0 0 0 0 5 ] 
	 [ 5 0 0 0 0 0 0 0 0 0 0 0 5 ] 
	 [ 5 0 0 0 0 0 0 0 0 0 0 0 5 ] 
	 [ ] 
	 [ 5 0 0 0 0 0 0 0 0 0 0 0 5 ] 
	 [ 5 0 0 0 0 0 0 0 0 0 0 0 5 ] 
	 [ 5 0 0 0 0 0 0 0 0 0 0 0 5 ] 
	 [ 5 0 0 0 0 0 0 0 0 0 0 0 5 ] 
	 [ 5 0 0 0 0 0 0 0 0 0 0 0 5 ] 
	 [ 5 0 0 0 0 0 0 0 0 0 0 0 43 ] 
	 [ 5 0 0 0 0 0 0 0 0 0 0 0 5 ] 
	 [ ] 
	 [ 5 0 0 0 0 0 0 0 0 0 0 20 43 ] 
	 [ ] 
	 [ 5 0 0 0 0 0 0 0 C5 7F 0 20 43 ] 
	 [ 5 0 0 0 0 0 0 0 0 0 0 0 5 ] 
	 [ 5 0 0 0 0 0 0 0 0 0 0 0 5 ] 
	 [ 5 0 0 0 0 0 0 0 0 0 0 0 5 ] 
	 [ 5 0 0 0 0 0 0 0 0 0 0 0 5 ] 
	 [ 5 0 0 0 0 0 0 0 0 0 0 0 5 ] 
	 [ 0 0 0 0 E 0 0 0 C5 7F 0 20 43 ] 
	 [ 5 0 0 0 0 0 0 0 0 0 0 0 5 ] 
	 [ 5 0 0 0 0 0 0 0 0 0 0 0 5 ] 
	 [ 5 0 0 0 0 0 0 0 0 0 0 0 5 ] 
	 [ 5 0 0 0 0 0 0 0 0 0 0 0 5 ] 
	 [ 5 0 0 0 0 0 0 0 0 0 0 0 5 ] 
	 [ 5 0 0 0 0 0 0 0 0 0 0 0 5 ] 
	 [ 5 0 0 0 0 0 0 0 0 0 0 0 5 ] 
	 [ 5 0 0 0 0 0 0 0 0 0 0 0 5 ] 
	 [ 5 0 0 0 0 0 0 0 0 0 0 0 5 ] 
	 [ 5 0 0 0 0 0 0 0 0 0 0 0 5 ] 
	 [ 5 0 0 0 0 0 0 0 0 0 0 0 5 ] 
	 [ 5 0 0 0 0 0 0 0 0 0 0 0 43 ] 
	 [ 5 0 0 0 0 0 0 0 0 0 0 0 5 ] 
	 [ 5 0 0 0 0 0 0 0 0 0 0 0 5 ] 
	 [ 5 0 0 0 0 0 0 0 0 0 0 0 5 ] 
	 [ 0 0 0 0 E 0 0 0 C5 7F 0 20 43 ] 
	 [ 5 0 0 0 0 0 0 0 0 0 0 0 5 ] 
	 [ 5 0 0 0 0 0 0 0 0 0 0 0 5 ] 
	 [ 5 0 0 0 0 0 0 0 0 0 0 0 5 ] 
	 [ 5 0 0 0 0 0 0 0 0 0 0 0 5 ] 
	 [ 5 0 0 0 0 0 0 0 0 0 0 0 5 ] 
	 [ 5 0 0 0 0 0 0 0 0 0 0 0 5 ] 
	 [ 5 0 0 0 0 0 0 0 0 0 0 0 5 ] 
	 [ 5 0 0 0 0 0 0 0 0 0 0 0 5 ] 
	 [ 5 0 0 0 0 0 0 0 0 0 0 0 5 ] 
	 [ ] 
	 [ 5 0 0 0 0 0 0 0 0 0 0 20 43 ] 
	 [ 5 0 0 0 0 0 0 0 0 0 0 20 43 ] 
	 [ 5 0 0 0 0 0 0 0 0 0 0 0 5 ] 
	 [ ] 
	 [ 5 0 0 0 0 0 0 0 C5 7F 0 20 43 ] 
	 [ 1 0 0 0 0 0 0 0 5 0 0 0 43 ] 
	 [ 5 0 0 0 0 0 0 0 0 0 0 0 5 ] 
	 [ 5 0 0 0 0 0 0 0 0 0 0 0 5 ] 
	 [ 5 0 0 0 0 0 0 0 0 0 0 0 5 ] 
	 [ 5 0 0 0 0 0 0 0 0 0 0 0 5 ] 
	 [ 5 0 0 0 0 0 0 0 0 0 0 0 5 ] 
	 [ 5 0 0 0 0 0 0 0 0 0 0 0 5 ] 
	 [ 5 0 0 0 0 0 0 0 0 0 0 0 5 ] 
	 [ 5 0 0 0 0 0 0 0 0 0 0 0 5 ] 
	 [ 5 0 0 0 E 0 0 0 C5 7F 0 20 43 ] 
	 [ 5 0 0 0 0 0 0 0 0 0 0 0 5 ] 
	 [ 5 0 0 0 0 0 0 0 0 0 0 0 5 ] 
	 [ 5 0 0 0 0 0 0 0 0 0 0 0 5 ] 
	 [ 5 0 0 0 0 0 0 0 0 0 0 0 5 ] 
	 [ 5 0 0 0 0 0 0 0 0 0 0 0 5 ] 
	 [ 5 0 0 0 0 0 0 0 0 0 0 0 5 ] 
	 [ 5 0 0 0 0 0 0 0 0 0 0 0 5 ] 
	 [ 5 0 0 0 0 0 0 0 0 0 0 20 43 ] 
	 [ 5 0 0 0 0 0 0 0 0 0 0 0 5 ] 
	 [ 5 0 0 0 0 0 0 0 0 0 0 0 5 ] 