 [ C1 0 0 0 E 0 0 0 C5 7F 0 20 43 ] 
	 [ C1 1 0 1 0 0 0 0 0 0 0 0 C3 ] 
	 [ C1 1 0 1 0 0 0 0 0 0 0 0 C3 ] 
	 [ BE 1 0 1 0 0 0 0 0 0 0 0 C0 ] 
	 [ C1 1 0 1 0 0 0 0 0 0 0 20 43 ] 
	 [ C1 1 0 1 0 0 0 0 0 0 0 0 C3 ] 
	 [ 2 3 3 1 0 0 0 0 0 0 0 0 0 ] 
	 [ 2 3 3 1 0 0 0 0 0 0 0 0 9 ] 
	 [ BE 1 0 1 0 0 0 0 0 0 0 0 C0 ] 
	 [ C1 1 0 1 0 0 0 0 0 0 0 0 C3 ] 
	 [ C1 1 0 1 0 0 0 0 0 0 0 0 C3 ] 
	 [ BE 1 0 1 0 0 0 0 0 0 0 0 C0 ] 
	 [ 1 1 0 0 0 0 0 0 0 C3 0 0 0 ] 
	 [ C1 1 0 1 0 0 0 0 0 0 0 0 C3 ] 
	 [ ] 
	 [ C1 1 0 1 0 0 0 0 0 0 0 20 43 ] 
	 [ C1 1 0 1 0 0 0 0 0 0 0 0 C3 ] 
	 [ C1 1 0 1 0 0 0 0 0 0 0 0 C3 ] 
	 [ BE 1 0 1 0 0 0 0 0 0 0 0 C0 ] 
	 [ C1 1 0 1 0 0 0 0 0 0 0 20 43 ] 
	 [ C1 1 0 1 0 0 0 0 0 0 0 0 C3 ] 
	 [ 2 3 3 1 0 0 0 0 0 0 0 0 0 ] 
	 [ 2 3 3 1 0 0 0 0 0 0 0 0 9 ] 
	 [ 2 3 3 1 0 0 0 0 0 0 0 0 9 ] 
	 [ C1 1 0 1 0 0 0 0 0 0 0 0 C3 ] 
	 [ C1 1 0 1 0 0 0 0 0 0 0 0 C3 ] 
	 [ BE 1 0 1 0 0 0 0 0 0 0 0 C0 ] 
	 [ 1 1 0 0 0 0 0 0 C5 7F 0 20 43 ] 
	 [ C1 1 0 1 0 0 0 0 0 0 0 0 C3 ] 
	 [ 2 3 3 1 0 0 0 0 0 0 0 0 9 ] 
	 [ C1 1 0 1 0 0 0 0 0 0 0 0 C3 ] 
	 [ 2 3 3 1 0 0 0 0 0 0 0 0 9 ] 
	 [ ] 
	 [ 2 3 3 1 0 0 0 0 C5 7F 0 20 43 ] 
	 [ BE 1 0 1 0 0 0 0 0 0 0 0 C0 ] 
	 [ C1 1 0 1 0 0 0 0 0 0 0 20 43 ] 
	 [ C1 1 0 1 0 0 0 0 0 0 0 0 C3 ] 
	 [ BE 1 0 1 0 0 0 0 0 0 0 0 0 ] 
	 [ 2 3 3 1 0 0 0 0 0 0 0 0 9 ] 
	 [ 2 3 3 1 0 0 0 0 0 0 0 0 9 ] 
	 [ ] 
	 [ 2 3 3 1 0 0 0 0 C5 7F 0 20 43 ] 
	 [ BE 1 0 0 0 0 0 0 C5 7F 0 20 43 ] 
	 [ BE 1 0 1 0 0 0 0 0 0 0 0 C0 ] 
	 [ BE 1 0 1 0 0 0 0 0 0 0 0 C0 ] 
	 [ C1 1 0 1 0 0 0 0 0 0 0 0 C3 ] 
	 [ 2 3 3 1 0 0 0 0 0 7F 0 20 43 ] 
	 [ 2 3 3 1 0 0 0 0 0 0 0 0 9 ] 
	 [ C1 1 0 1 0 0 0 0 C5 7F 0 20 43 ] 
	 [ C1 1 0 1 0 0 0 0 0 0 0 0 C3 ] 
	 [ BE 1 0 1 0 0 0 0 0 0 0 20 43 ] 
	 [ BE 1 0 1 0 0 0 0 0 0 0 0 C0 ] 
	 [ C1 1 0 1 0 0 0 0 0 0 0 0 0 ] 
	 [ C1 1 0 1 0 0 0 0 C5 7F 0 20 43 ] 
	 [ C1 1 0 1 0 0 0 0 0 0 0 0 C3 ] 
	 [ 2 3 3 1 0 0 0 0 0 0 0 0 0 ] 
	 [ 2 3 3 1 0 0 0 0 0 0 0 0 9 ] 
	 [ BE 1 0 1 0 0 0 0 0 0 0 0 C0 ] 
	 [ C1 1 0 1 0 0 0 0 0 0 0 0 C3 ] 
	 [ BE 1 0 1 0 0 0 0 0 7F 0 20 43 ] 
	 [ BE 1 0 1 0 0 0 0 0 0 0 0 C0 ] 
	 [ C1 1 0 1 0 0 0 0 C5 7F 0 20 43 ] 
	 [ C1 1 0 1 0 0 0 0 0 0 0 0 C3 ] 
	 [ 2 3 3 1 0 0 0 0 0 0 0 20 43 ] 
	 [ 2 3 3 1 0 0 0 0 0 0 0 0 9 ] 
	 [ C1 1 0 1 0 0 0 0 0 0 0 0 43 ] 
	 [ BE 1 0 1 0 0 0 0 0 0 0 0 C0 ] 
	 [ C1 1 0 1 0 0 0 0 0 0 0 0 C3 ] 
	 [ BE 1 0 1 0 0 0 0 0 0 0 0 C0 ] 
	 [ C1 1 0 1 0 0 0 0 0 0 0 0 C3 ] 
	 [ BE 1 0 1 0 0 0 0 0 0 0 0 C0 ] 
	 [ C1 1 0 1 0 0 0 0 0 0 0 0 C3 ] 
	 [ 2 0 E 3 0 0 0 0 C5 7F 0 20 43 ] 
	 [ ] 
	 [ C1 1 0 1 0 0 0 0 0 0 0 0 C3 ] 
	 [ 2 3 3 1 0 0 0 0 0 0 0 0 9 ] 
	 [ 0 0 0 0 0 0 0 C3 0 0 0 20 43 ] 
	 [ C1 1 0 1 0 0 0 0 0 0 0 0 C3 ] 
	 [ ] 
	 [ C1 1 0 1 0 0 0 0 0 0 0 0 C3 ] 
	 [ BE 1 0 1 0 0 0 0 0 0 0 0 C0 ] 
	 [ C1 1 0 1 0 0 0 0 0 0 0 0 C3 ] 
	 [ C1 1 0 1 0 0 0 0 0 0 0 0 C3 ] 
	 [ 2 3 3 1 0 0 0 0 0 0 0 0 9 ] 
	 [ 2 3 3 1 0 0 0 0 0 0 0 0 9 ] 
	 [ C1 1 0 1 0 0 0 0 0 0 0 0 C3 ] 
	 [ C1 1 0 1 0 0 0 0 0 0 0 0 C3 ] 
	 [ BE 1 0 1 0 0 0 0 0 0 0 0 C0 ] 
	 [ BE 1 0 1 0 0 0 0 0 0 0 0 C0 ] 
	 [ C1 1 0 1 0 0 0 0 0 0 0 0 C3 ] 
	 [ 2 3 3 1 0 0 0 0 0 0 0 20 43 ] 
	 [ 2 3 3 1 0 0 0 0 0 0 0 0 9 ] 
	 [ C1 1 0 1 0 0 0 0 0 7F 0 20 43 ] 
	 [ C1 1 0 1 0 0 0 0 0 7F 0 20 43 ] 
	 [ C1 1 0 1 0 0 0 0 0 0 0 0 C3 ] 
	 [ C1 1 0 1 0 0 0 0 0 0 0 0 C3 ] 
	 [ BE 1 0 1 0 0 0 0 0 0 0 0 C0 ] 
	 [ 2 3 3 1 0 0 0 0 0 0 0 0 9 ] 
	 [ C1 1 0 1 0 0 0 0 0 0 0 0 C3 ] 
	 [ C1 1 0 1 0 0 0 0 0 0 0 0 C3 ] 
	 [ 2 3 3 1 0 0 0 0 0 0 0 0 9 ] 
	 [ BE 1 0 1 0 0 0 0 0 0 0 0 C0 ] 
	 [ C1 1 0 1 0 0 0 0 0 0 0 0 C3 ] 
	 [ C1 1 0 1 0 0 0 0 0 0 0 0 C3 ] 
	 [ BE 1 0 1 0 0 0 0 0 0 0 0 C0 ] 
	 [ C1 1 0 1 0 0 0 0 0 0 0 20 43 ] 
	 [ C1 1 0 1 0 0 0 0 0 0 0 0 C3 ] 
	 [ 2 3 3 1 0 0 0 0 0 0 0 0 9 ] 
	 [ C1 1 0 1 0 0 0 0 0 0 0 0 C3 ] 
	 [ 2 3 3 1 0 0 0 0 0 0 0 0 9 ] 
	 [ C1 1 0 1 0 0 0 0 0 0 0 0 C3 ] 
	 [ 0 E 0 C1 1 0 1 0 0 0 0 0 0 ] 
	 [ BE 1 0 1 0 0 0 0 0 0 0 0 C0 ] 
	 [ BE 1 0 1 0 0 0 0 0 0 0 0 C0 ] 
	 [ C1 1 0 1 0 0 0 0 0 0 0 0 C3 ] 
	 [ C1 1 0 1 0 0 0 0 0 0 0 0 C3 ] 
	 [ 2 3 3 1 0 0 0 0 0 0 0 0 9 ] 
	 [ 2 3 3 1 0 0 0 0 0 0 0 0 9 ] 
	 [ C1 1 0 1 0 0 0 0 0 0 0 0 C3 ] 
	 [ C1 1 0 1 0 0 0 0 0 0 0 0 C3 ] 
	 [ BE 1 0 1 0 0 0 0 0 0 0 0 C0 ] 
	 [ C1 1 0 1 0 0 0 0 0 0 0 20 43 ] 
	 [ C1 1 0 1 0 0 0 0 0 0 0 0 C3 ] 
	 [ 0 0 0 20 43 22 0 0 ] 
	 [ BE 1 0 1 0 0 0 0 0 0 0 0 C0 ] 
	 [ ] 
	 [ 2 3 3 1 0 0 0 0 C5 7F 0 20 43 ] 
	 [ 1 1 0 0 0 0 C0 0 0 0 0 20 43 ] 
	 [ 2 3 3 1 0 0 0 0 0 0 0 0 9 ] 
	 [ 0 ] 
	 [ BE 1 0 0 E 0 0 0 C5 7F 0 20 43 ] 
	 [ ] 
	 [ C1 1 0 1 0 0 0 0 C5 7F 0 20 43 ] 
	 [ 0 0 5 2 3 3 1 1 1 1 1 1 1 1 2 0 0 3 C1 1 2 1 1 1 1 1 1 1 1 2 0 2 1 0 0 0 0 0 0 0 0 C3 0 0 0 5 2 3 3 1 1 1 1 1 1 1 C1 36 0 0 2C 1 0 20 4C 8 0 20 3 0 0 0 0 1C 0 42 E7 3B 0 0 0 1C 0 42 F1 FF FF FF 7C 3 0 20 0 40 42 F 0 0 0 0 0 1C 0 42 1 0 0 0 CF 39 0 0 C1 36 0 0 2 0 0 0 4C 8 0 20 3 0 0 0 3 0 0 0 C9 36 0 0 C1 36 0 0 7D 3B 0 0 A0 4 0 20 F9 FF FF FF 7D 3A 2 0 17 0 0 0 0 0 0 0 A0 4 0 20 1 0 0 0 3F 31 0 0 2 0 0 0 81 31 0 0 C2 0 0 0 C3 0 0 0 C2 7F ] 
	 [ BE 1 0 1 0 0 0 0 0 0 0 0 C0 ] 
	 [ C1 1 0 1 0 0 0 0 0 0 0 0 C3 ] 
	 [ 2 3 3 1 0 0 0 0 0 0 0 0 9 ] 
	 [ C1 1 0 1 0 0 0 0 0 0 0 0 C3 ] 
	 [ BE 1 0 1 0 0 0 0 0 0 0 0 C0 ] 
	 [ C1 1 0 1 0 0 0 0 0 0 0 0 C3 ] 
	 [ 2 3 3 1 0 0 0 0 0 0 0 0 9 ] 
	 [ C1 1 0 1 0 0 0 0 0 0 0 0 C3 ] 
	 [ BE 1 0 1 0 0 0 0 0 0 0 0 C0 ] 
	 [ C1 1 0 1 0 0 0 0 0 0 0 0 C3 ] 
	 [ 2 3 3 1 0 0 0 0 0 0 0 0 9 ] 
	 [ C1 1 0 1 0 0 0 0 0 0 0 0 C3 ] 
	 [ BE 1 0 1 0 0 0 0 0 0 0 0 C0 ] 
	 [ C1 1 0 1 0 0 0 0 0 0 0 0 C3 ] 
	 [ 2 3 3 1 0 0 0 0 0 7F 0 20 43 ] 
	 [ C1 1 0 0 0 0 0 0 C5 7F 0 20 43 ] 
	 [ C1 1 0 1 0 0 0 0 0 0 0 0 C3 ] 
	 [ C1 1 0 1 0 0 0 0 0 0 0 0 C3 ] 
	 [ BE 1 0 1 0 0 0 0 0 0 0 0 C0 ] 
	 [ 2 3 3 1 0 0 0 0 0 0 0 0 9 ] 
	 [ C1 1 0 1 0 0 0 0 0 0 0 0 C3 ] 
	 [ C1 1 0 1 0 0 0 0 0 0 0 0 C3 ] 
	 [ 2 3 3 1 0 0 0 0 0 0 0 0 9 ] 
	 [ BE 1 0 1 0 0 0 0 0 0 0 0 C0 ] 
	 [ C1 1 0 1 0 0 0 0 0 0 0 0 C3 ] 
	 [ 3 0 1 1 ] 
	 [ 0 0 0 0 E 0 0 0 C5 7F 0 20 43 ] 
	 [ C1 1 0 1 0 0 0 0 0 0 0 0 C3 ] 
	 [ C1 1 0 1 0 0 0 0 0 0 0 0 C3 ] 
	 [ BE 1 0 1 0 0 0 0 0 0 0 0 C0 ] 
	 [ C1 1 0 1 0 0 0 0 0 7F 0 20 43 ] 
	 [ C1 1 0 1 0 0 0 0 0 0 0 0 C3 ] 
	 [ BE 1 0 0 0 0 0 0 C5 7F 0 20 43 ] 
	 [ 2 3 3 1 0 0 0 0 0 0 0 0 9 ] 
	 [ BE 1 0 1 0 0 0 0 0 0 0 0 C0 ] 
	 [ C1 1 0 1 0 0 0 0 0 0 0 0 C3 ] 
	 [ C1 1 0 1 0 0 0 0 0 0 0 0 C3 ] 
	 [ BE 1 0 1 0 0 0 0 0 0 0 0 C0 ] 
	 [ 2 3 3 1 0 0 0 0 0 0 0 0 9 ] 
	 [ C1 1 0 1 0 0 0 0 C5 7F 0 20 43 ] 
	 [ C1 1 0 1 0 0 0 0 0 0 0 0 C3 ] 
	 [ 2 3 3 1 0 0 0 0 0 7F 0 20 43 ] 
	 [ BE 1 0 1 0 0 0 0 0 0 0 0 C0 ] 
	 [ 2 3 3 1 0 0 0 0 0 0 0 0 9 ] 
	 [ C1 1 0 1 0 0 0 0 0 0 0 0 C3 ] 
	 [ BE 1 0 1 0 0 0 0 0 7F 0 20 43 ] 
	 [ 2 3 3 1 0 0 0 0 0 0 0 0 9 ] 
	 [ C1 1 0 0 0 0 0 0 C5 7F 0 20 43 ] 
	 [ C1 1 0 1 0 0 0 0 0 0 0 0 C3 ] 
	 [ C1 1 0 1 0 0 0 0 0 0 0 0 C3 ] 
	 [ BE 1 0 1 0 0 0 0 0 0 0 0 C0 ] 
	 [ 2 3 3 1 0 0 0 0 0 0 0 0 9 ] 
	 [ C1 1 0 1 0 0 0 0 0 0 0 0 C3 ] 
	 [ BE 1 0 1 0 0 0 0 0 0 0 0 C0 ] 
	 [ C1 1 0 1 0 0 0 0 C5 7F 0 20 43 ] 
	 [ C1 1 0 1 0 0 0 0 0 0 0 0 C3 ] 
	 [ BE 1 0 1 0 0 0 0 0 7F 0 20 43 ] 
	 [ 2 3 3 1 0 0 0 0 0 0 0 0 9 ] 
	 [ 2 3 3 1 0 0 0 0 0 0 0 0 9 ] 
	 [ C1 1 0 1 0 0 0 0 0 0 0 0 C3 ] 
	 [ 2 3 3 1 0 0 0 0 0 7F 0 20 43 ] 
	 [ BE 1 0 1 0 0 0 0 0 0 0 0 C0 ] 
	 [ C1 1 0 0 0 0 0 0 C5 7F 0 20 43 ] 
	 [ C1 1 0 1 0 0 0 0 0 0 0 0 C3 ] 
	 [ C1 1 0 1 0 0 0 0 0 0 0 0 C3 ] 
	 [ 2 3 3 1 0 0 0 0 0 0 0 0 9 ] 
	 [ 2 3 3 1 0 0 0 0 0 0 0 0 9 ] 
	 [ C1 1 0 1 0 0 0 0 0 0 0 0 C3 ] 
	 [ C1 1 0 1 0 0 0 0 0 0 0 0 C3 ] 
	 [ BE 1 0 1 0 0 0 0 0 0 0 0 C0 ] 
	 [ C1 1 0 1 0 0 0 0 C5 7F 0 20 43 ] 
	 [ C1 1 0 1 0 0 0 0 0 0 0 0 C3 ] 
	 [ BE 1 0 1 0 0 0 0 0 7F 0 20 43 ] 
	 [ 2 3 3 1 0 0 0 0 0 0 0 0 9 ] 
	 [ ] 
	 [ 2 3 3 1 0 0 0 0 0 0 0 0 9 ] 
	 [ C1 1 0 1 0 0 0 0 0 0 0 0 C3 ] 
	 [ 2 3 3 1 0 0 0 0 0 0 0 0 9 ] 
	 [ C1 1 0 0 0 0 0 0 C5 7F 0 20 43 ] 
	 [ C1 1 0 1 0 0 0 0 0 0 0 0 C3 ] 
	 [ C1 1 0 1 0 0 0 0 0 0 0 0 C3 ] 
	 [ BE 1 0 1 0 0 0 0 0 0 0 0 C0 ] 
	 [ BE 1 0 1 0 0 0 0 0 0 0 0 C0 ] 
	 [ C1 1 0 1 0 0 0 0 0 0 0 0 C3 ] 
	 [ C1 1 0 1 0 0 0 0 0 0 0 0 C3 ] 
	 [ 2 3 3 1 0 0 0 0 0 0 0 0 9 ] 
	 [ C1 1 0 1 0 0 0 0 C5 7F 0 20 43 ] 
	 [ C1 1 0 1 0 0 0 0 0 0 0 0 C3 ] 
	 [ BE 1 0 1 0 0 0 0 0 7F 0 20 43 ] 
	 [ BE 1 0 1 0 0 0 0 0 0 0 0 C0 ] 
	 [ C1 1 0 1 0 0 0 0 0 7F 0 20 43 ] 
	 [ C1 1 0 1 0 0 0 0 0 0 0 0 C3 ] 
	 [ C1 1 0 1 0 0 0 0 0 0 0 0 C3 ] 
	 [ 2 3 3 1 0 0 0 0 0 0 0 0 9 ] 
	 [ C1 1 0 1 0 0 0 0 0 0 C3 0 0 ] 
	 [ C1 1 0 1 0 0 0 0 0 0 0 0 C3 ] 
	 [ BE 1 0 1 0 0 0 0 0 0 0 0 C0 ] 
	 [ BE 1 0 1 0 0 0 0 0 0 0 0 C0 ] 
	 [ C1 1 0 1 0 0 0 0 0 0 0 0 C3 ] 
	 [ C1 1 0 1 0 0 0 0 0 0 0 0 C3 ] 
	 [ 2 3 3 1 0 0 0 0 0 0 0 0 9 ] 
	 [ C1 1 0 1 0 0 0 0 C5 7F 0 20 43 ] 
	 [ C1 1 0 1 0 0 0 0 0 0 0 0 C3 ] 
	 [ 2 3 3 1 0 0 0 0 0 7F 0 20 43 ] 
	 [ BE 1 0 1 0 0 0 0 0 0 0 0 C0 ] 
	 [ C1 1 0 1 0 0 0 0 0 7F 0 20 43 ] 
	 [ C1 1 0 1 0 0 0 0 0 0 0 0 C3 ] 
	 [ C1 1 0 1 0 0 0 0 0 0 0 0 C3 ] 
	 [ 2 3 3 1 0 0 0 0 0 0 0 0 9 ] 
	 [ C1 1 0 0 0 0 0 0 C5 7F 0 20 43 ] 
	 [ C1 1 0 1 0 0 0 0 0 0 0 0 C3 ] 
	 [ ] 
	 [ C1 1 0 1 0 0 0 0 C5 7F 0 20 43 ] 
	 [ C1 1 0 1 0 0 0 0 0 0 0 0 C3 ] 
	 [ C1 1 0 1 0 0 0 0 0 0 0 0 C3 ] 
	 [ BE 1 0 1 0 0 0 0 0 0 0 0 C0 ] 
	 [ C1 1 0 1 0 0 0 0 C5 7F 0 20 43 ] 
	 [ C1 1 0 1 0 0 0 0 0 0 0 0 C3 ] 
	 [ 2 3 3 1 0 0 0 0 0 7F 0 20 43 ] 
	 [ 2 3 3 1 0 0 0 0 0 0 0 0 9 ] 
	 [ C1 1 0 1 0 0 0 0 0 7F 0 20 43 ] 
	 [ C1 1 0 1 0 0 0 0 0 0 0 0 C3 ] 
	 [ C1 1 0 1 0 0 0 0 0 0 0 0 C3 ] 
	 [ BE 1 0 1 0 0 0 0 0 0 0 0 C0 ] 
	 [ C1 1 0 0 0 0 0 0 C5 7F 0 20 43 ] 
	 [ C1 1 0 1 0 0 0 0 0 0 0 0 C3 ] 
	 [ 2 3 3 1 0 0 0 0 0 0 0 0 9 ] 
	 [ C1 1 0 1 0 0 0 0 0 0 0 0 C3 ] 
	 [ 2 3 3 1 0 0 0 0 0 0 0 0 9 ] 
	 [ BE 1 0 1 0 0 0 0 0 0 0 0 C0 ] 
	 [ C1 1 0 1 0 0 0 0 0 0 0 0 C3 ] 
	 [ BE 1 0 1 0 0 0 0 C5 7F 0 20 43 ] 
	 [ BE 1 0 1 0 0 0 0 0 0 0 0 C0 ] 
	 [ C1 1 0 1 0 0 0 0 0 7F 0 20 43 ] 
	 [ C1 1 0 1 0 0 0 0 0 0 0 0 C3 ] 
	 [ 2 3 3 1 0 0 0 0 0 7F 0 20 43 ] 
	 [ 2 3 3 1 0 0 0 0 0 0 0 0 9 ] 
	 [ ] 
	 [ BE 1 0 1 0 0 0 0 C5 7F 0 20 43 ] 
	 [ BE 1 0 1 0 0 0 0 0 0 0 0 C0 ] 
	 [ C1 1 0 0 0 0 0 0 C5 7F 0 20 43 ] 
	 [ C1 1 0 1 0 0 0 0 0 0 0 0 C3 ] 
	 [ C1 1 0 1 0 0 0 0 0 0 0 0 C3 ] 
	 [ 2 3 3 1 0 0 0 0 0 0 0 0 9 ] 
	 [ BE 1 0 1 0 0 0 0 0 0 0 0 C0 ] 
	 [ C1 1 0 1 0 0 0 0 0 0 0 0 C3 ] 
	 [ BE 1 0 1 0 0 0 0 C5 7F 0 20 43 ] 
	 [ BE 1 0 1 0 0 0 0 0 0 0 0 C0 ] 
	 [ C1 1 0 1 0 0 0 0 0 7F 0 20 43 ] 
	 [ C1 1 0 1 0 0 0 0 0 0 0 0 C3 ] 
	 [ 2 3 3 1 0 0 0 0 0 0 0 0 43 ] 
	 [ 2 3 3 1 0 0 0 0 0 0 0 0 9 ] 
	 [ C1 1 0 1 0 0 0 0 0 0 0 0 0 ] 
	 [ C1 1 0 1 0 0 0 0 0 0 0 0 C3 ] 
	 [ BE 1 0 0 0 0 0 0 C5 7F 0 20 43 ] 
	 [ BE 1 0 1 0 0 0 0 0 0 0 0 C0 ] 
	 [ 2 3 3 1 0 0 0 0 0 0 0 0 9 ] 
	 [ C1 1 0 1 0 0 0 0 0 0 0 0 C3 ] 
	 [ 2 3 3 1 0 0 0 0 0 0 0 0 9 ] 
	 [ 2 3 3 1 0 0 0 0 0 0 0 0 9 ] 
	 [ 1 E8 E3 93 4C 80 4E 0 0 0 0 0 79 ] 
	 [ 1 E8 E3 93 0 E 3 0 C5 7F 0 20 43 ] 
	 [ BE 1 0 1 0 0 0 0 0 0 0 0 C0 ] 
	 [ C1 1 0 1 0 0 0 0 0 7F 0 20 43 ] 
	 [ C1 1 0 1 0 0 0 0 0 0 0 0 C3 ] 
	 [ BE 1 0 1 0 0 0 0 0 0 0 0 43 ] 
	 [ 2 3 3 1 0 0 0 0 0 0 0 0 9 ] 
	 [ C1 1 0 1 0 0 0 0 0 0 0 0 0 ] 
	 [ C1 1 0 1 0 0 0 0 0 0 0 0 C3 ] 
	 [ 2 3 3 1 0 0 0 0 0 0 0 0 9 ] 
	 [ C1 1 0 0 0 0 0 0 C5 7F 0 20 43 ] 
	 [ ] 
	 [ BE 1 0 1 0 0 0 0 C5 7F 0 20 43 ] 
	 [ BE 1 0 1 0 0 0 0 0 0 0 0 C0 ] 
	 [ 2 3 3 1 0 0 0 0 0 0 0 0 9 ] 
	 [ C1 1 0 1 0 0 0 0 0 0 0 0 C3 ] 
	 [ 2 3 3 1 0 0 0 0 C5 7F 0 20 43 ] 
	 [ 2 3 3 1 0 0 0 0 0 0 0 0 9 ] 
	 [ C1 1 0 1 0 0 0 0 0 7F 0 20 43 ] 
	 [ C1 1 0 1 0 0 0 0 0 0 0 0 C3 ] 
	 [ BE 1 0 1 0 0 0 0 0 0 0 0 43 ] 
	 [ BE 1 0 1 0 0 0 0 0 0 0 0 C0 ] 
	 [ C1 1 0 1 0 0 0 0 0 0 0 0 0 ] 
	 [ C1 1 0 1 0 0 0 0 0 0 0 0 C3 ] 
	 [ 2 3 3 1 0 0 0 0 0 0 0 0 9 ] 
	 [ C1 1 0 1 0 0 0 0 0 0 0 0 C3 ] 
	 [ BE 1 0 1 0 0 0 0 0 0 0 0 C0 ] 
	 [ C1 1 0 1 0 0 0 0 C5 7F 0 20 43 ] 
	 [ C1 1 0 1 0 0 0 0 0 0 0 0 C3 ] 
	 [ C1 1 0 1 0 0 0 0 0 0 0 0 C3 ] 
	 [ 2 3 3 1 0 0 0 0 0 0 0 0 9 ] 
	 [ C1 1 0 1 0 0 0 0 C5 7F 0 20 43 ] 
	 [ C1 1 0 1 0 0 0 0 0 0 0 0 C3 ] 
	 [ BE 1 0 1 0 0 0 0 0 0 0 0 C0 ] 
	 [ C1 1 0 1 0 0 0 0 0 0 0 0 C3 ] 
	 [ BE 1 0 1 0 0 0 0 0 0 0 0 C0 ] 
	 [ C1 1 0 1 0 0 0 0 0 0 C3 0 0 ] 
	 [ C1 1 0 1 0 0 0 0 0 0 0 0 C3 ] 
	 [ 2 3 3 1 0 0 0 0 0 0 0 0 9 ] 
	 [ C1 0 0 0 E 0 0 0 C5 7F 0 20 43 ] 
	 [ C1 1 0 1 0 0 0 0 0 0 0 0 C3 ] 
	 [ C1 1 0 1 0 0 0 0 0 0 0 0 C3 ] 
	 [ BE 1 0 1 0 0 0 0 0 0 0 0 C0 ] 
	 [ C1 1 0 1 0 0 0 0 C5 7F 0 20 43 ] 
	 [ C1 1 0 1 0 0 0 0 0 0 0 0 C3 ] 
	 [ C1 1 0 1 0 0 0 0 0 0 0 0 C3 ] 
	 [ 2 3 3 1 0 0 0 0 0 0 0 0 9 ] 
	 [ C1 1 0 1 0 0 0 0 C5 7F 0 20 43 ] 
	 [ C1 1 0 1 0 0 0 0 0 0 0 0 C3 ] 
	 [ ] 
	 [ C1 1 0 1 0 0 0 0 C5 7F 0 20 43 ] 
	 [ C1 1 0 1 0 0 0 0 0 0 0 0 C3 ] 
	 [ 2 3 3 1 0 0 0 0 0 0 0 0 0 ] 
	 [ 2 3 3 1 0 0 0 0 0 0 0 0 9 ] 
	 [ C1 0 0 0 E 0 0 0 C5 7F 0 20 43 ] 
	 [ C1 1 0 1 0 0 0 0 0 0 0 0 C3 ] 
	 [ C1 1 0 1 0 0 0 0 0 0 0 0 C3 ] 
	 [ BE 1 0 1 0 0 0 0 0 0 0 0 C0 ] 
	 [ C1 1 0 1 0 0 0 0 C5 7F 0 20 43 ] 
	 [ C1 1 0 1 0 0 0 0 0 0 0 0 C3 ] 
	 [ C1 1 0 1 0 0 0 0 0 0 0 0 C3 ] 
	 [ 2 3 3 1 0 0 0 0 0 0 0 0 9 ] 
	 [ C1 1 0 1 0 0 0 0 C5 7F 0 20 43 ] 
	 [ C1 1 0 1 0 0 0 0 0 0 0 0 C3 ] 
	 [ BE 1 0 1 0 0 0 0 0 0 0 0 C0 ] 
	 [ C1 1 0 1 0 0 0 0 0 0 0 0 C3 ] 
	 [ BE 1 0 1 0 0 0 0 0 0 0 0 C0 ] 
	 [ C1 1 0 1 0 0 0 0 0 0 0 0 0 ] 
	 [ C1 1 0 1 0 0 0 0 0 0 0 0 C3 ] 
	 [ 2 0 E 3 0 0 0 0 C5 7F 0 20 43 ] 
	 [ 2 3 3 1 0 0 0 0 0 0 0 0 9 ] 
	 [ BE 1 0 1 0 0 0 0 0 0 0 0 C0 ] 
	 [ C1 1 0 1 0 0 0 0 0 0 0 0 C3 ] 
	 [ BE 1 0 1 0 0 0 0 C5 7F 0 20 43 ] 
	 [ BE 1 0 1 0 0 0 0 0 0 0 0 C0 ] 
	 [ BE 1 0 1 0 0 0 0 0 0 0 0 C0 ] 
	 [ C1 1 0 1 0 0 0 0 0 0 0 0 C3 ] 
	 [ 2 3 3 1 0 0 0 0 C5 7F 0 20 43 ] 
	 [ 2 3 3 1 0 0 0 0 0 0 0 0 9 ] 
	 [ 2 3 3 1 0 0 0 0 0 0 0 0 9 ] 
	 [ C1 1 0 1 0 0 0 0 0 0 0 0 C3 ] 
	 [ ] 
	 [ C1 1 0 1 0 0 0 0 0 0 0 0 C3 ] 
	 [ BE 1 0 1 0 0 0 0 0 0 0 0 C0 ] 
	 [ C1 1 0 1 0 0 0 0 0 0 0 0 C3 ] 
	 [ BE 1 0 1 0 0 0 0 0 0 0 0 43 ] 
	 [ 2 3 3 1 0 0 0 0 0 0 0 0 9 ] 
	 [ 2 3 3 1 0 0 0 0 0 0 0 0 9 ] 
	 [ C1 1 0 1 0 0 0 0 0 0 0 0 C3 ] 
	 [ 2 3 3 1 0 0 0 0 C5 7F 0 20 43 ] 
	 [ BE 1 0 1 0 0 0 0 0 0 0 0 C0 ] 
	 [ BE 1 0 1 0 0 0 0 0 0 0 0 C0 ] 
	 [ C1 1 0 1 0 0 0 0 0 0 0 0 C3 ] 
	 [ BE 1 0 1 0 0 0 0 C5 7F 0 20 43 ] 
	 [ BE 1 0 1 0 0 0 0 0 0 0 0 C0 ] 
	 [ 2 3 3 1 0 0 0 0 0 0 0 0 9 ] 
	 [ C1 1 0 1 0 0 0 0 0 0 0 0 C3 ] 
	 [ 2 3 3 0 0 0 0 0 C5 7F 0 20 43 ] 
	 [ 2 3 3 1 0 0 0 0 0 0 0 0 9 ] 
	 [ BE 1 0 1 0 0 0 0 0 0 0 0 C0 ] 
	 [ C1 1 0 1 0 0 0 0 0 0 0 0 C3 ] 
	 [ BE 1 0 1 0 0 0 0 0 0 0 0 43 ] 
	 [ BE 1 0 1 0 0 0 0 0 0 0 0 C0 ] 
	 [ 2 3 3 1 0 0 0 0 0 0 0 0 9 ] 
	 [ C1 1 0 1 0 0 0 0 0 0 0 0 C3 ] 
	 [ 2 3 3 1 0 0 0 0 C5 7F 0 20 43 ] 
	 [ 2 3 3 1 0 0 0 0 0 0 0 0 9 ] 
	 [ BE 1 0 1 0 0 0 0 0 0 0 0 C0 ] 
	 [ C1 1 0 1 0 0 0 0 0 0 0 0 C3 ] 
	 [ BE 1 0 1 0 0 0 0 C5 7F 0 20 43 ] 
	 [ BE 1 0 1 0 0 0 0 0 0 0 0 C0 ] 
	 [ 2 3 3 1 0 0 0 0 0 0 0 0 9 ] 
	 [ C1 1 0 1 0 0 0 0 0 0 0 0 C3 ] 
	 [ 2 3 3 0 0 0 0 0 C5 7F 0 20 43 ] 
	 [ 2 3 3 1 0 0 0 0 0 0 0 0 9 ] 
	 [ BE 1 0 1 0 0 0 0 0 0 0 0 C0 ] 
	 [ C1 1 0 1 0 0 0 0 0 0 0 0 C3 ] 
	 [ BE 1 0 1 0 0 0 0 0 0 0 0 43 ] 
	 [ BE 1 0 1 0 0 0 0 0 0 0 0 C0 ] 
	 [ 2 3 3 1 0 0 0 0 0 0 0 0 9 ] 
	 [ C1 1 0 1 0 0 0 0 0 0 0 0 C3 ] 
	 [ 2 3 3 1 0 0 0 0 C5 7F 0 20 43 ] 
	 [ 2 3 3 1 0 0 0 0 0 0 0 0 9 ] 
	 [ BE 1 0 1 0 0 0 0 0 0 0 0 C0 ] 
	 [ C1 1 0 1 0 0 0 0 0 0 0 0 C3 ] 
	 [ BE 1 0 1 0 0 0 0 C5 7F 0 20 43 ] 
	 [ BE 1 0 1 0 0 0 0 0 0 0 0 C0 ] 
	 [ 2 3 3 1 0 0 0 0 0 0 0 0 9 ] 
	 [ C1 1 0 1 0 0 0 0 0 0 0 0 C3 ] 
	 [ 2 3 3 0 0 0 0 0 C5 7F 0 20 43 ] 
	 [ BE 1 0 1 0 0 0 0 0 0 0 0 C0 ] 
	 [ BE 1 0 1 0 0 0 0 0 0 0 0 C0 ] 
	 [ C1 1 0 1 0 0 0 0 0 0 0 0 C3 ] 
	 [ BE 1 0 1 0 0 0 0 0 0 0 0 43 ] 
	 [ 2 3 3 1 0 0 0 0 0 0 0 0 9 ] 
	 [ 2 3 3 1 0 0 0 0 0 0 0 0 9 ] 
	 [ C1 1 0 1 0 0 0 0 0 0 0 0 C3 ] 
	 [ 2 3 3 1 0 0 0 0 C5 7F 0 20 43 ] 
	 [ ] 
	 [ C1 1 0 1 0 0 0 0 C5 7F 0 20 43 ] 
	 [ C1 1 0 1 0 0 0 0 0 0 0 0 C3 ] 
	 [ BE 1 0 1 0 0 0 0 C5 7F 0 20 43 ] 
	 [ 2 3 3 1 0 0 0 0 0 0 0 0 9 ] 
	 [ 2 3 3 1 0 0 0 0 0 0 0 0 9 ] 
	 [ C1 1 0 1 0 0 0 0 0 0 0 0 C3 ] 
	 [ 2 3 3 0 0 0 0 0 C5 7F 0 20 43 ] 
	 [ BE 1 0 1 0 0 0 0 0 0 0 0 C0 ] 
	 [ BE 1 0 1 0 0 0 0 0 0 0 0 C0 ] 
	 [ C1 1 0 1 0 0 0 0 0 0 0 0 C3 ] 
	 [ BE 1 0 1 0 0 0 0 0 0 0 0 43 ] 
	 [ BE 1 0 1 0 0 0 0 0 0 0 0 C0 ] 
	 [ BE 1 0 1 0 0 0 0 0 0 0 0 C0 ] 
	 [ C1 1 0 1 0 0 0 0 0 0 0 0 C3 ] 
	 [ 2 3 3 1 0 0 0 0 0 0 0 0 9 ] 
	 [ C1 1 0 1 0 0 0 0 0 0 0 0 C3 ] 
	 [ 2 3 3 1 0 0 0 0 0 0 0 0 9 ] 
	 [ C1 1 0 1 0 0 0 0 0 0 0 0 0 ] 
	 [ C1 1 0 1 0 0 0 0 0 0 0 0 C3 ] 
	 [ C1 1 0 1 0 0 0 0 0 0 0 0 C3 ] 
	 [ BE 1 0 1 0 0 0 0 0 0 0 0 C0 ] 
	 [ C1 1 0 1 0 0 0 0 0 C3 0 0 0 ] 
	 [ C1 1 0 1 0 0 0 0 0 0 0 0 C3 ] 
	 [ 2 3 3 1 0 0 0 0 0 0 0 0 9 ] 
	 [ 2 3 3 1 0 0 0 0 0 0 0 0 9 ] 
	 [ C1 1 0 1 0 0 0 0 0 0 0 0 C3 ] 
	 [ BE 1 0 1 0 0 0 0 0 0 0 0 43 ] 
	 [ BE 1 0 1 0 0 0 0 0 0 0 0 C0 ] 
	 [ BE 1 0 1 0 0 0 0 0 0 0 0 C0 ] 
	 [ C1 1 0 1 0 0 0 0 0 0 0 0 C3 ] 
	 [ C1 1 0 1 0 0 0 0 0 0 0 0 C3 ] 
	 [ 2 3 3 1 0 0 0 0 0 0 0 0 9 ] 
	 [ C1 1 0 1 0 0 0 0 0 0 0 0 0 ] 
	 [ C1 1 0 1 0 0 0 0 0 0 0 0 C3 ] 
	 [ C1 1 0 1 0 0 0 0 0 0 0 0 C3 ] 
	 [ BE 1 0 1 0 0 0 0 0 0 0 0 C0 ] 
	 [ C1 1 0 0 0 0 0 0 C5 7F 0 20 43 ] 
	 [ C1 1 0 1 0 0 0 0 0 0 0 0 C3 ] 
	 [ ] 
	 [ C1 1 0 1 0 0 0 0 C5 7F 0 20 43 ] 
	 [ C1 1 0 1 0 0 0 0 0 0 0 0 C3 ] 
	 [ BE 1 0 1 0 0 0 0 0 0 0 0 43 ] 
	 [ BE 1 0 1 0 0 0 0 0 0 0 0 C0 ] 
	 [ BE 1 0 1 0 0 0 0 0 0 0 0 C0 ] 
	 [ C1 1 0 1 0 0 0 0 0 0 0 0 C3 ] 
	 [ C1 1 0 1 0 0 0 0 0 0 0 0 C3 ] 
	 [ 2 3 3 1 0 0 0 0 0 0 0 0 9 ] 
	 [ C1 1 0 1 0 0 0 0 0 0 0 0 0 ] 
	 [ C1 1 0 1 0 0 0 0 0 0 0 0 C3 ] 
	 [ C1 1 0 1 0 0 0 0 0 0 0 0 C3 ] 
	 [ BE 1 0 1 0 0 0 0 0 0 0 0 C0 ] 
	 [ C1 1 0 0 0 0 0 0 C5 7F 0 20 43 ] 
	 [ C1 1 0 1 0 0 0 0 0 0 0 0 C3 ] 
	 [ BE 1 0 1 0 0 0 0 0 0 0 0 C0 ] 
	 [ C1 1 0 1 0 0 0 0 0 0 0 0 C3 ] 
	 [ 2 3 3 1 0 0 0 0 0 0 0 0 9 ] 
	 [ C1 1 0 1 0 0 0 0 0 0 0 0 43 ] 
	 [ C1 1 0 1 0 0 0 0 0 0 0 0 C3 ] 
	 [ C1 1 0 1 0 0 0 0 0 0 0 0 C3 ] 
	 [ BE 1 0 1 0 0 0 0 0 0 0 0 C0 ] 
	 [ BE 1 0 1 0 0 0 0 0 0 0 0 C0 ] 
	 [ C1 1 0 1 0 0 0 0 0 0 0 0 C3 ] 
	 [ BE 1 0 1 0 0 0 0 0 0 0 0 C0 ] 
	 [ C1 1 0 1 0 0 0 0 0 0 0 0 0 ] 
	 [ C1 1 0 1 0 0 0 0 0 0 0 0 C3 ] 
	 [ C1 1 0 1 0 0 0 0 0 0 0 0 C3 ] 
	 [ 2 3 3 1 0 0 0 0 0 0 0 0 9 ] 
	 [ C1 1 0 0 0 0 0 0 C5 7F 0 20 43 ] 
	 [ C1 1 0 1 0 0 0 0 0 0 0 0 C3 ] 
	 [ C1 1 0 1 0 0 0 0 0 0 0 0 C3 ] 
	 [ BE 1 0 1 0 0 0 0 0 0 0 0 C0 ] 
	 [ C1 1 0 1 0 0 0 0 0 0 0 0 43 ] 
	 [ C1 1 0 1 0 0 0 0 0 0 0 0 C3 ] 
	 [ 0 0 0 20 43 22 0 0 ] 
	 [ BE 1 0 1 0 0 0 0 0 0 0 0 C0 ] 
	 [ C1 1 0 1 0 0 0 0 0 0 0 0 C3 ] 
	 [ C1 1 0 1 0 0 0 0 0 0 0 0 C3 ] 
	 [ BE 1 0 1 0 0 0 0 0 0 0 0 C0 ] 
	 [ C1 1 0 1 0 0 0 0 0 0 0 0 0 ] 
	 [ 2 3 3 1 0 0 0 0 0 0 0 0 9 ] 
	 [ C1 1 0 1 0 0 0 0 0 0 0 0 C3 ] 
	 [ 2 3 3 1 0 0 0 0 0 0 0 0 9 ] 
	 [ C1 1 0 0 0 0 0 0 C5 7F 0 20 43 ] 
	 [ C1 1 0 1 0 0 0 0 0 0 0 0 C3 ] 
	 [ C1 1 0 1 0 0 0 0 0 0 0 0 C3 ] 
	 [ BE 1 0 1 0 0 0 0 0 0 0 0 C0 ] 
	 [ C1 1 0 1 0 0 0 0 0 0 0 0 C3 ] 
	 [ 2 3 3 1 0 0 0 0 0 0 0 0 9 ] 
	 [ C1 1 0 1 0 0 0 0 0 0 0 0 0 ] 
	 [ C1 1 0 1 0 0 0 0 0 0 0 0 C3 ] 
	 [ C1 1 0 1 0 0 0 0 0 0 0 0 C3 ] 
	 [ BE 1 0 1 0 0 0 0 0 0 0 0 C0 ] 
	 [ 2 3 3 1 0 0 0 0 0 0 0 0 9 ] 
	 [ C1 1 0 1 0 0 0 0 0 0 0 0 C3 ] 
	 [ 2 3 3 1 0 0 0 0 0 0 0 0 0 ] 
	 [ BE 1 0 1 0 0 0 0 0 0 0 0 C0 ] 
	 [ BE 1 0 1 0 0 0 0 0 0 0 0 C0 ] 
	 [ C1 1 0 1 0 0 0 0 0 0 0 0 C3 ] 
	 [ BE 1 0 C0 0 0 0 0 C5 7F 0 20 43 ] 
	 [ BE 1 0 1 0 0 0 0 0 0 0 0 C0 ] 
	 [ C1 1 0 1 0 0 0 0 0 0 0 0 C3 ] 
	 [ C1 1 0 1 0 0 0 0 0 0 0 0 C3 ] 
	 [ 2 3 3 1 0 0 0 0 0 0 0 0 9 ] 
	 [ C1 1 0 1 0 0 0 0 0 0 0 0 43 ] 
	 [ C1 1 0 1 0 0 0 0 0 0 0 0 C3 ] 
	 [ C1 1 0 1 0 0 0 0 0 0 0 0 C3 ] 
	 [ BE 1 0 1 0 0 0 0 0 0 0 0 C0 ] 
	 [ BE 1 0 1 0 0 0 0 0 0 0 0 C0 ] 
	 [ C1 1 0 1 0 0 0 0 0 0 0 0 C3 ] 
	 [ 2 3 3 1 0 0 0 0 0 0 0 0 0 ] 
	 [ 2 3 3 1 0 0 0 0 0 0 0 0 9 ] 
	 [ 0 0 5 2 3 3 1 1 1 1 1 1 1 1 2 0 0 3 C1 1 2 1 1 1 1 1 1 1 1 2 0 2 1 0 0 0 0 0 0 0 0 C3 0 0 0 5 2 3 C1 36 0 0 2C 1 0 20 C1 36 0 0 2C 1 0 20 4C 8 0 20 3 0 0 0 3 0 0 0 C9 36 0 0 C1 36 0 0 7D 3B 0 0 0 1C 0 42 F1 FF FF FF 0 0 0 0 17 0 0 0 0 50 0 41 0 1C 0 42 C1 36 0 0 1 0 0 0 4C 8 0 20 3 0 0 0 AC 8 0 20 1 0 0 0 1 0 0 0 7D 22 0 0 AC 8 0 20 F9 FF FF FF 68 5 0 20 63 7F 0 20 68 5 0 20 AC 8 0 20 45 26 0 0 63 7F 0 20 1 0 0 0 81 31 0 0 C2 0 0 0 C3 0 0 0 C2 7F ] 
	 [ BE 1 0 1 0 0 0 0 0 0 0 0 C0 ] 
	 [ C1 1 0 1 0 0 0 0 0 0 0 0 C3 ] 
	 [ BE 1 0 1 0 0 0 0 0 0 0 0 0 ] 
	 [ 2 3 3 1 0 0 0 0 0 0 0 0 9 ] 
	 [ C1 1 0 1 0 0 0 0 0 0 0 0 C3 ] 
	 [ 2 3 3 1 0 0 0 0 0 0 0 0 9 ] 
	 [ C1 1 0 1 0 0 0 0 0 0 0 0 C3 ] 
	 [ 2 3 3 1 0 0 0 0 0 0 0 0 9 ] 
	 [ C1 1 0 1 0 0 0 0 0 0 0 0 C3 ] 
	 [ BE 1 0 1 0 0 0 0 0 0 0 0 C0 ] 
	 [ C1 1 0 1 0 0 0 0 0 0 0 0 C3 ] 
	 [ BE 1 0 1 0 0 0 0 0 0 0 0 C0 ] 
	 [ C1 1 0 1 0 0 0 0 0 0 0 0 C3 ] 
	 [ BE 1 0 1 0 0 0 0 0 7F 0 20 43 ] 
	 [ BE 1 0 1 0 0 0 0 0 0 0 0 C0 ] 
	 [ C1 1 0 1 0 0 0 0 C5 7F 0 20 43 ] 
	 [ 2 3 3 1 0 0 0 0 0 0 0 0 9 ] 
	 [ 2 3 3 1 0 0 0 0 0 0 0 0 0 ] 
	 [ BE 1 0 1 0 0 0 0 0 0 0 0 C0 ] 
	 [ BE 1 0 1 0 0 0 0 0 0 0 0 C0 ] 
	 [ C1 1 0 1 0 0 0 0 0 0 0 0 C3 ] 
	 [ ] 
	 [ C1 1 0 1 0 0 0 0 C5 7F 0 20 43 ] 
	 [ C1 1 0 1 0 0 0 0 0 0 0 0 C3 ] 
	 [ C1 1 0 1 0 0 0 0 0 0 0 0 C3 ] 
	 [ 2 3 3 1 0 0 0 0 0 0 0 0 9 ] 
	 [ BE 1 0 1 0 0 0 0 0 0 0 0 C0 ] 
	 [ C1 1 0 1 0 0 0 0 0 0 0 0 C3 ] 
	 [ BE 1 0 1 0 0 0 0 0 7F 0 20 43 ] 
	 [ BE 1 0 1 0 0 0 0 0 0 0 0 C0 ] 
	 [ C1 1 0 1 0 0 0 0 C5 7F 0 20 43 ] 
	 [ C1 1 0 1 0 0 0 0 0 0 0 0 C3 ] 
	 [ BE 1 0 1 0 0 0 0 0 0 0 0 0 ] 
	 [ 2 3 3 1 0 0 0 0 0 0 0 0 9 ] 
	 [ BE 1 0 1 0 0 0 0 0 0 0 0 C0 ] 
	 [ C1 1 0 1 0 0 0 0 0 0 0 0 C3 ] 
	 [ 2 3 3 1 0 0 0 0 0 0 0 0 9 ] 
	 [ C1 1 0 1 0 0 0 0 0 0 0 0 C3 ] 
	 [ BE 1 0 1 0 0 0 0 0 0 0 0 C0 ] 
	 [ BE 1 0 1 0 0 0 0 0 0 0 0 C0 ] 
	 [ C1 1 0 1 0 0 0 0 0 0 0 0 C3 ] 
	 [ C1 1 0 1 0 0 0 0 0 0 0 0 C3 ] 
	 [ 2 3 3 1 0 0 0 0 0 0 0 0 9 ] 
	 [ C1 1 0 1 0 0 0 0 C5 7F 0 20 43 ] 
	 [ C1 1 0 1 0 0 0 0 0 0 0 0 C3 ] 
	 [ BE 1 0 1 0 0 0 0 0 0 0 0 C0 ] 
	 [ C1 1 0 1 0 0 0 0 C5 7F 0 20 43 ] 
	 [ C1 1 0 1 0 0 0 0 0 0 0 0 C3 ] 
	 [ BE 1 0 1 0 0 0 0 0 0 0 0 0 ] 
	 [ BE 1 0 1 0 0 0 0 0 0 0 0 C0 ] 
	 [ 2 3 3 1 0 0 0 0 0 0 0 0 9 ] 
	 [ C1 1 0 1 0 0 0 0 0 0 0 0 C3 ] 
	 [ 2 3 3 1 0 0 0 0 0 0 0 0 9 ] 
	 [ C1 1 0 1 0 0 0 0 0 0 0 0 C3 ] 
	 [ C1 1 0 1 0 0 0 0 0 0 0 0 C3 ] 
	 [ BE 1 0 1 0 0 0 0 0 0 0 0 C0 ] 
	 [ BE 1 0 1 0 0 0 0 0 0 0 0 C0 ] 
	 [ C1 1 0 1 0 0 0 0 0 0 0 0 C3 ] 
	 [ BE 1 0 1 0 0 0 0 0 7F 0 20 43 ] 
	 [ 2 3 3 1 0 0 0 0 0 0 0 0 9 ] 
	 [ ] 
	 [ 2 3 3 1 0 0 0 0 0 0 0 0 0 ] 
	 [ BE 1 0 1 0 0 0 0 0 0 0 0 C0 ] 
	 [ C1 1 0 1 0 0 0 0 0 0 0 0 0 ] 
	 [ C1 1 0 1 0 0 0 0 0 0 0 0 C3 ] 
	 [ 2 3 3 1 0 0 0 0 0 0 0 0 9 ] 
	 [ 2 3 3 1 0 0 0 0 0 0 0 0 9 ] 
	 [ 2 3 3 1 0 0 0 0 0 0 0 0 9 ] 
	 [ C1 1 0 1 0 0 0 0 0 0 0 0 C3 ] 
	 [ 1 E8 E3 93 4C 80 4E 0 0 0 0 0 79 ] 
	 [ 1 E8 E3 93 4C 80 4E 0 0 0 0 0 79 ] 
	 [ 1 E8 E3 93 4C 80 4E 0 0 0 0 0 79 ] 
	 [ C1 1 0 1 0 0 0 0 0 0 0 0 C3 ] 
	 [ BE 1 0 1 0 0 0 0 0 7F 0 20 43 ] 
	 [ BE 1 0 1 0 0 0 0 0 0 0 0 C0 ] 
	 [ C1 1 0 1 0 0 0 0 0 0 0 0 C3 ] 
	 [ BE 1 0 1 0 0 0 0 0 0 0 0 C0 ] 
	 [ C1 1 0 1 0 0 0 0 0 0 0 0 C3 ] 
	 [ 2 3 3 1 0 0 0 0 0 0 0 0 9 ] 
	 [ 2 3 3 1 0 0 0 0 0 0 0 0 9 ] 
	 [ 2 3 3 1 0 0 0 0 0 0 0 0 9 ] 
	 [ C1 1 0 0 0 0 0 0 C5 7F 0 20 43 ] 
	 [ C1 1 0 1 0 0 0 0 0 0 0 0 C3 ] 
	 [ ] 
	 [ C1 1 0 0 0 0 0 0 C5 7F 0 20 43 ] 
	 [ C1 1 0 1 0 0 0 0 0 0 0 0 C3 ] 
	 [ C1 1 0 1 0 0 0 0 0 0 0 0 C3 ] 
	 [ ] 
	 [ C1 1 0 1 0 0 0 0 3A 22 0 0 0 ] 
	 [ 2 3 3 1 0 0 0 0 0 0 0 0 9 ] 
	 [ 2 3 3 1 0 0 0 0 0 7F 0 20 43 ] 
	 [ ] 
	 [ C1 1 0 1 0 0 0 0 C5 7F 0 20 43 ] 
	 [ 0 1 0 0 0 0 0 0 0 0 C3 0 0 0 3 0 E 3 C1 1 2 1 1 1 1 1 1 0 0 0 C3 0 0 3 1 0 0 0 0 0 0 0 0 9 0 0 0 5 2 0 E 5 2 3 3 1 1 1 1 1 0 0 0 0 9 0 0 0 3 C1 1 2 0 E 3 BE 1 2 1 1 1 0 0 0 0 0 0 C0 0 0 0 3 C1 1 2 1 1 1 1 1 1 1 1 2 0 36 0 0 2 0 0 0 4C 8 0 20 3 0 0 0 3 0 0 0 C9 36 0 0 C1 36 0 0 7D 3B 0 0 8 0 0 0 F9 FF FF FF 2F 0 0 0 E7 3B 0 0 2F 0 0 0 F9 FF FF FF 2C 1 0 20 FF 0 0 0 0 7F 0 20 2F 0 0 0 C0 0 0 0 C1 0 0 0 C0 7F 0 20 43 22 0 0 ] 
	 [ 2 3 3 1 0 0 0 0 C5 7F 0 20 43 ] 
	 [ 2 3 3 1 0 0 0 0 0 0 0 0 9 ] 
	 [ C1 1 0 1 0 0 0 0 0 0 0 0 C3 ] 
	 [ 2 3 3 1 0 0 0 0 0 0 0 0 9 ] 
	 [ 1 E8 E3 93 4C 80 4E 0 0 0 0 0 79 ] 
	 [ 1 E8 E3 93 4C 80 4E 0 0 0 0 0 79 ] 
	 [ 1 E8 E3 93 4C 80 4E 0 0 0 0 0 79 ] 
	 [ 1 E8 E3 93 4C 80 4E 0 0 0 0 0 79 ] 
	 [ C1 1 0 1 0 0 0 0 0 0 0 0 C3 ] 
	 [ BE 1 0 1 0 0 0 0 0 0 0 0 C0 ] 
	 [ C1 1 0 1 0 0 0 0 0 0 0 0 C3 ] 
	 [ BE 1 0 1 0 0 0 0 0 0 0 0 C0 ] 
	 [ C1 1 0 1 0 0 0 0 0 0 0 0 C3 ] 
	 [ BE 1 0 1 0 0 0 0 0 0 0 0 C0 ] 
	 [ C1 1 0 1 0 0 0 0 0 0 0 0 C3 ] 
	 [ BE 1 0 1 0 0 0 0 0 0 0 0 C0 ] 
	 [ C1 1 0 1 0 0 0 0 0 0 0 0 0 ] 
	 [ C1 1 0 1 0 0 0 0 0 0 0 0 C3 ] 
	 [ 2 3 3 1 0 0 0 0 0 0 0 0 9 ] 
	 [ 2 3 3 1 0 0 0 0 0 0 0 0 9 ] 
	 [ 2 3 3 1 0 0 0 0 0 0 0 0 9 ] 
	 [ C1 1 0 1 0 0 0 0 0 0 0 0 C3 ] 
	 [ C1 1 0 1 0 0 0 0 0 0 0 0 C3 ] 
	 [ BE 1 0 1 0 0 0 0 0 0 0 0 C0 ] 
	 [ BE 1 0 1 0 0 0 0 0 0 0 0 C0 ] 
	 [ 2 3 3 1 0 0 0 0 0 0 0 0 9 ] 
	 [ ] 
	 [ C1 1 0 1 0 0 0 0 C5 7F 0 20 43 ] 
	 [ 2 3 3 1 0 0 0 0 0 0 0 0 9 ] 
	 [ 1 E8 E3 93 4C 80 4E 0 0 0 0 0 79 ] 
	 [ 1 E8 E3 93 4C 80 4E 0 0 0 0 0 79 ] 
	 [ BE 1 0 1 0 0 0 0 0 0 0 0 C0 ] 
	 [ C1 1 0 1 0 0 0 0 0 0 0 0 C3 ] 
	 [ BE 1 0 1 0 0 0 0 0 0 0 0 0 ] 
	 [ BE 1 0 1 0 0 0 0 0 0 0 0 C0 ] 
	 [ 2 3 3 1 0 0 0 0 0 0 0 0 9 ] 
	 [ C1 1 0 1 0 0 0 0 0 0 0 0 C3 ] 
	 [ 2 3 3 1 0 0 0 0 0 0 0 0 9 ] 
	 [ 2 3 3 1 0 0 0 0 0 0 0 0 9 ] 
	 [ BE 1 0 1 0 0 0 0 0 0 0 0 C0 ] 
	 [ C1 1 0 1 0 0 0 0 0 0 0 0 C3 ] 
	 [ BE 1 0 1 0 0 0 0 0 7F 0 20 43 ] 
	 [ BE 1 0 1 0 0 0 0 0 0 0 0 C0 ] 
	 [ C1 1 0 1 0 0 0 0 C5 7F 0 20 43 ] 
	 [ C1 1 0 1 0 0 0 0 0 0 0 0 C3 ] 
	 [ 2 3 3 1 0 0 0 0 0 0 0 0 9 ] 
	 [ 2 3 3 1 0 0 0 0 0 0 0 0 9 ] 
	 [ BE 1 0 1 0 0 0 0 0 0 0 0 C0 ] 
	 [ C1 1 0 1 0 0 0 0 0 0 0 0 C3 ] 
	 [ BE 1 0 1 0 0 0 0 0 0 0 0 0 ] 
	 [ C1 1 0 1 0 0 0 0 0 0 0 0 C3 ] 
	 [ BE 1 0 1 0 0 0 0 0 0 0 0 C0 ] 
	 [ 0 0 5 2 3 3 1 1 1 1 1 1 1 1 2 0 0 5 2 3 3 1 1 1 1 1 1 1 1 2 0 0 1 1 1 1 1 1 1 0 9 0 0 0 3 C1 1 2 1 0 E 5 2 3 3 1 1 0 0 0 0 0 0 0 9 0 0 0 3 C1 1 2 1 1 1 1 1 1 1 1 2 0 0 0 7D 3B 0 0 0 1C 0 42 F1 FF FF FF 7C 3 0 20 E1 1 0 20 1 0 0 0 0 1C 0 42 C1 36 0 0 1 0 0 0 4C 8 0 20 3 0 0 0 C1 36 0 0 C3 0 0 0 7F 7F 0 20 2C 1 0 20 C8 7F 0 20 C9 36 0 0 C1 36 0 0 7D 3B 0 0 7E 0 0 0 F9 FF FF FF C0 0 0 0 C5 0 0 0 C6 0 0 0 7E 0 0 0 C2 0 0 0 C3 0 0 0 C2 7F ] 
	 [ 2 3 3 1 0 0 0 0 0 0 0 0 9 ] 
	 [ 1 E8 E3 93 4C 80 4E 0 0 0 0 0 79 ] 
	 [ C1 1 0 1 0 0 0 0 0 0 0 0 C3 ] 
	 [ BE 1 0 1 0 0 0 0 0 0 0 0 C0 ] 
	 [ C1 1 0 1 0 0 0 0 0 0 0 0 C3 ] 
	 [ BE 1 0 1 0 0 0 0 0 0 0 0 C0 ] 
	 [ C1 1 0 1 0 0 0 0 0 0 0 0 C3 ] 
	 [ BE 1 0 1 0 0 0 0 0 0 0 0 C0 ] 
	 [ C1 1 0 1 0 0 0 0 0 0 0 0 C3 ] 
	 [ 2 3 3 1 0 0 0 0 0 0 0 0 9 ] 
	 [ C1 1 0 1 0 0 0 0 0 0 0 0 C3 ] 
	 [ 2 3 3 1 0 0 0 0 0 0 0 0 9 ] 
	 [ C1 1 0 1 0 0 0 0 0 0 0 0 C3 ] 
	 [ 2 3 3 1 0 0 0 0 0 0 0 0 9 ] 
	 [ C1 1 0 1 0 0 0 0 0 7F 0 20 43 ] 
	 [ 2 3 3 1 0 0 0 0 0 0 0 0 9 ] 
	 [ C1 1 0 1 0 0 0 0 C5 7F 0 20 43 ] 
	 [ C1 1 0 1 0 0 0 0 0 0 0 0 C3 ] 
	 [ C1 1 0 1 0 0 0 0 C5 7F 0 20 43 ] 
	 [ C1 1 0 1 0 0 0 0 0 0 0 0 C3 ] 
	 [ 2 3 3 1 0 0 0 0 0 0 0 0 9 ] 
	 [ 2 3 3 1 0 0 0 0 0 0 0 0 9 ] 
	 [ 2 3 3 1 0 0 0 0 0 0 0 0 9 ] 
	 [ C1 1 0 1 0 0 0 0 0 0 0 0 C3 ] 
	 [ C1 1 0 1 0 0 0 0 0 0 0 0 C3 ] 
	 [ BE 1 0 1 0 0 0 0 0 0 0 0 C0 ] 
	 [ BE 1 0 1 0 0 0 0 0 0 0 0 C0 ] 
	 [ 2 3 3 1 0 0 0 0 0 0 0 0 9 ] 
	 [ 2 3 3 1 0 0 0 0 0 0 0 0 9 ] 
	 [ 2 3 3 1 0 0 0 0 0 0 0 0 9 ] 
	 [ 2 3 3 1 0 0 0 0 0 7F 0 20 43 ] 
	 [ C1 1 0 1 0 0 0 0 0 0 0 0 C3 ] 
	 [ BE 1 0 1 0 0 0 0 0 0 0 0 0 ] 
	 [ BE 1 0 1 0 0 0 0 0 0 0 0 C0 ] 
	 [ C1 1 0 1 0 0 0 0 C5 7F 0 20 43 ] 
	 [ 2 3 3 1 0 0 0 0 0 0 0 0 9 ] 
	 [ C1 1 0 1 0 0 0 0 0 0 0 0 C3 ] 
	 [ 2 3 3 1 0 0 0 0 0 0 0 0 9 ] 
	 [ 2 3 3 1 0 0 0 0 0 0 0 0 9 ] 
	 [ 1 E8 E3 93 4C 80 4E 0 0 0 0 0 79 ] 
	 [ C1 1 0 1 0 0 0 0 0 0 0 0 C3 ] 
	 [ BE 1 0 1 0 0 0 0 0 0 0 0 C0 ] 
	 [ ] 
	 [ BE 1 0 1 0 0 0 0 C5 7F 0 20 43 ] 
	 [ ] 
	 [ C1 1 0 1 0 0 0 0 0 0 0 0 C3 ] 
	 [ BE 1 0 1 0 0 0 0 0 0 0 0 C0 ] 
	 [ 1 1 ] 
	 [ 2 3 3 1 0 0 0 0 0 0 0 0 9 ] 
	 [ 2 3 3 1 0 0 0 0 0 0 0 0 9 ] 
	 [ 0 0 E 5 2 3 3 1 0 0 0 0 0 ] 
	 [ 2 3 3 1 0 0 0 0 0 0 0 0 9 ] 
	 [ 1 E8 E3 80 4E 1 1 0 0 0 79 0 0 ] 
	 [ 1 E8 E3 93 4C 80 4E 0 0 0 0 0 79 ] 
	 [ 1 1 1 1 2 79 0 0 E 8 1 E8 E3 93 4C 0 E 8 1 E8 E3 93 4C 80 4E 1 1 1 1 2 79 0 0 1 1 1 1 1 1 1 1 2 47 0 0 E 3 3 4 0 E 3 3 4 1 1 1 1 1 1 1 1 1 2 7 0 0 E 3 3 4 1 1 1 1 0 E 0 3 4 0 0 0 0 0 0 0 0 0 0 7 0 0 0 3 3 4 1 1 1 1 1 1 1 1 1 2 0 0 0 E 3 3 4 0 0 0 0 0 0 0 0 0 0 7 0 0 ] 
	 [ 3 4 0 0 0 0 0 0 0 0 0 0 0 ] 
	 [ 3 4 0 0 0 0 0 0 0 0 0 0 7 ] 
	 [ C2 7F ] 
	 [ 3 4 40 0 0 0 0 0 C5 7F 0 20 43 ] 
	 [ 3 4 0 0 0 0 0 0 0 0 0 0 7 ] 
	 [ 3 4 0 0 0 0 0 0 C5 7F 0 20 43 ] 
	 [ 3 4 0 0 0 0 0 0 0 0 0 0 7 ] 
	 [ 3 4 0 0 0 0 0 0 0 0 0 0 7 ] 
	 [ 3 4 0 0 0 0 0 0 0 0 0 0 7 ] 
	 [ 3 4 0 0 0 0 0 0 0 0 0 0 7 ] 
	 [ 3 4 0 0 0 0 0 0 0 0 0 0 7 ] 
	 [ 3 4 0 0 0 0 0 0 0 0 0 0 7 ] 
	 [ 3 4 0 0 0 0 0 0 0 0 0 20 43 ] 
	 [ 3 4 0 0 0 0 0 0 0 0 0 0 7 ] 
	 [ 3 4 0 0 0 0 0 0 0 0 0 0 7 ] 
	 [ 3 4 0 0 0 0 0 0 0 0 0 0 7 ] 
	 [ 3 4 0 0 0 0 0 0 0 0 0 0 7 ] 
	 [ 3 4 0 0 0 0 0 0 0 0 0 0 7 ] 
	 [ 3 4 0 0 0 0 0 0 0 0 0 0 7 ] 
	 [ 3 4 0 0 0 0 0 0 0 0 0 0 7 ] 
	 [ 3 4 40 0 0 0 0 0 0 0 0 0 47 ] 
	 [ 3 4 0 0 0 0 0 0 0 0 0 0 7 ] 
	 [ 3 4 0 0 0 0 0 0 C5 7F 0 20 43 ] 
	 [ 3 4 0 0 0 0 0 0 0 0 0 0 7 ] 
	 [ 3 4 0 0 0 0 0 0 0 0 0 0 7 ] 
	 [ 3 4 0 0 0 0 0 0 0 0 0 0 7 ] 
	 [ 3 4 0 0 0 0 0 0 0 0 0 0 7 ] 
	 [ 3 4 0 0 0 0 0 0 0 0 0 0 7 ] 
	 [ 3 4 0 0 0 0 0 0 0 0 0 0 7 ] 
	 [ 3 4 0 0 0 0 0 0 0 0 0 20 43 ] 
	 [ 3 4 0 0 0 0 0 0 0 0 0 0 7 ] 
	 [ 3 4 0 0 0 0 0 0 0 0 0 0 7 ] 
	 [ 3 4 0 0 0 0 0 0 0 0 0 0 7 ] 
	 [ 3 4 0 0 0 0 0 0 0 0 0 0 7 ] 
	 [ 3 4 0 0 0 0 0 0 0 0 0 0 7 ] 
	 [ 3 4 0 0 0 0 0 0 0 0 0 0 7 ] 
	 [ 3 4 0 0 0 0 0 0 0 0 0 0 7 ] 
	 [ 3 4 40 0 0 0 0 0 0 0 0 0 47 ] 
	 [ 3 4 0 0 0 0 0 0 0 0 0 0 7 ] 
	 [ 3 4 0 0 0 0 0 0 C5 7F 0 20 43 ] 
	 [ 3 4 0 0 0 0 0 0 0 0 0 0 7 ] 